0.014332 90
2.672853 2
0.590888 14
0.248975 34
0.299093 39
0.209599 43
0.212141 30
0.193499 39
0.154883 57
0.195520 44
0.522089 50
1.251280 11
0.000232 162
2.807587 1
0.109031 1
0.214916 1
0.130284 1
0.683385 1
0.509333 1
1.229182 1
0.656035 1
0.403204 1
10.662192 1
2.720543 1
0.073451 1
0.205245 1
0.154228 1
0.297468 1
0.479271 1
0.110124 1
0.299618 1
1.890819 1
0.878693 1
0.166937 1
0.315386 7
1.063339 2
0.000034 9
0.007843 162
4.184511 1
0.074595 1
0.159411 1
1.166795 4
0.221058 4
0.717758 1
0.112974 1
0.198016 1
3.190079 1
0.166376 1
0.492677 1
0.171945 1
3.041287 4
0.186883 4
0.176930 4
1.441225 1
0.325830 1
0.434696 1
0.180579 1
0.081012 1
0.195351 1
0.119772 1
1.231580 1
0.235103 2
0.712905 1
0.790456 1
0.391259 1
0.775088 4
0.303496 2
1.505058 11
0.002320 162
6.728190 1
0.145634 1
0.704975 11
0.001185 61
0.000316 162
5.585768 2
0.228842 19
0.211953 52
0.332201 70
0.475586 434
0.561363 70
0.205998 329
0.194079 14
0.421934 34
0.184490 39
0.348044 43
0.320195 226
0.389895 403
0.275122 59
0.306222 373
0.276841 29
0.359441 38
0.513771 42
3.493912 11
0.002415 10
0.000271 162
1.419562 1
0.070382 1
0.126331 1
0.277378 1
0.618545 1
0.143022 1
0.471674 5
1.412976 1
0.214811 2
0.875682 11
0.001035 22
0.000265 162
2.306065 13
2.092656 4
0.499911 4
0.030124 4
0.032184 4
0.028791 4
0.029443 4
0.029806 4
0.030249 4
0.032226 4
0.026900 4
0.030173 4
0.032086 4
0.028442 4
0.031960 1
0.028899 1
0.029510 1
0.030634 1
0.029498 1
0.030013 1
0.029924 1
0.030935 1
0.738380 1
0.151642 1
0.181496 1
0.924926 1
0.085076 1
0.247006 1
1.244278 1
0.299807 1
0.413046 1
0.156310 1
1.939505 1
0.270918 11
1.465384 11
0.001543 66
1.340256 1
0.454938 2
0.000378 162
2.783638 22
0.740259 41
0.778293 30
1.880247 11
0.002280 10
0.000335 162
1.927579 17
0.235237 39
0.543451 41
0.801592 11
0.000944 22
0.000267 162
5.473098 17
