0.011158 90
0.015507 101
21.392691 1
0.247766 1
0.222700 1
9.531912 2
0.750650 4
0.604670 2
0.561683 23
4.220919 1
0.243985 1
1.450221 8
0.579606 169
743.353643 16
3.926397 25
0.001296 158
3.426743 1
0.163053 1
0.139923 1
0.436560 1
0.610074 11
0.000180 162
11.488362 20
0.916263 33
0.000905 162
36.441114 20
0.944063 33
0.001530 162
5.116339 1
0.215099 1
0.672389 1
0.413687 1
0.528005 177
9.098781 1
0.110685 1
0.266679 1
0.186751 1
0.219539 1
0.142823 1
2.906158 20
2.016058 33
0.001568 166
24.421243 1
0.089177 1
0.535379 1
0.337216 1
0.161002 1
0.229459 1
2.874359 1
0.762809 177
3.923232 20
2.042076 33
0.002296 166
1.570932 1
0.122699 1
1.061377 1
0.188964 1
0.470373 1
0.232663 1
0.581331 1
2.394696 177
2.059376 1
0.100924 1
0.251658 1
0.198257 1
0.143676 1
0.885975 1
0.509137 1
0.271449 1
0.472556 1
0.101443 1
0.127383 1
2.502910 11
0.001165 166
15.655416 1
0.142533 1
1.097809 1
0.524634 1
0.146470 1
1.006851 1
0.790912 1
1.282230 11
0.000193 166
2.874854 28
1.016738 49
0.004633 166
12.134837 28
4.532776 49
0.000873 166
9.734507 1
0.173431 1
0.313631 1
0.273939 1
0.169692 1
0.300351 11
0.000159 162
3.067754 28
2.358087 49
0.000331 80
0.000075 33
0.000325 162
15.755923 1
0.190733 1
0.189327 1
1.316312 1
0.097852 1
0.481427 1
0.119473 1
0.096989 1
0.872193 11
0.001321 162
0.811454 8
0.691993 44
0.884652 11
0.001351 162
266.002527 1
0.582206 1
0.296476 11
0.001305 68
0.000237 162
3.771450 1
0.184402 1
0.313797 1
0.146050 1
0.448407 1
0.147264 1
0.391622 11
0.004271 401
0.000103 162
10.978203 1
0.090527 1
0.448624 1
7.670651 1
0.513024 177
1.387568 1
0.210770 1
0.426432 1
2.359459 11
0.001453 28
0.000412 166
2.661028 1
0.124478 1
0.339773 1
0.130234 1
0.454378 1
0.068294 1
0.439024 11
0.001642 353
0.000115 8
0.000048 158
17.065937 1
0.149790 1
0.466062 1
0.547457 1
0.173844 1
1.312057 1
3.291975 1
0.526452 11
0.000187 166
1.118680 1
0.241697 1
0.508956 1
0.126228 1
0.216854 1
0.097010 1
0.208644 11
0.001935 194
0.000389 166
23.936038 1
0.176180 1
0.466384 1
0.375294 1
0.183087 1
0.812234 1
1.552740 1
1.272614 177
0.927225 1
0.125745 1
0.408274 1
0.151465 1
0.252753 1
0.088634 1
0.195610 11
0.001313 194
0.000164 166
24.612328 1
0.155317 1
0.403505 1
0.178320 1
0.160261 1
0.470696 173
39.688625 1
0.193736 1
0.282516 1
2.371020 1
0.952050 1
3.312922 1
0.222420 1
0.549350 1
0.141790 1
0.106875 1
0.806935 11
0.001425 72
0.001117 1987
3.134438 14
3.115582 15
2.014510 14
2.027520 16
2.273819 13
1.045634 13
0.206400 13
0.099566 13
0.516466 13
0.780535 13
0.105305 13
0.217818 13
0.110796 13
0.730866 13
0.344623 13
0.207234 13
0.265693 13
0.120844 13
3.712745 16
1.933402 30
1.122214 1
0.130666 1
0.451623 30
0.002785 25
0.000057 62
0.001055 162
4.557382 1
0.290927 1
0.318191 1
0.204817 1
0.613779 1
0.118627 1
0.695516 1
0.135765 1
0.085602 1
0.677627 11
0.000905 17
0.000142 162
8.982945 1
0.181223 1
0.543965 1
0.915559 1
2.347845 1
1.026318 1
0.266599 1
0.519051 1
0.122854 1
0.091077 1
0.958818 11
0.002033 39
0.000028 26
0.000017 7
0.000565 47
0.000046 17
0.000096 1923
1.677103 14
0.829232 16
0.284493 13
0.924675 13
0.119977 13
0.105765 13
1.649473 13
0.501365 13
0.027991 13
0.031408 13
0.030858 13
0.028712 1
1.624130 13
2.313855 57
1.582260 1
3.202118 28
1.545286 14
3.384347 13
0.695308 13
1.356788 13
0.974865 13
0.756534 13
0.155715 13
0.110902 13
2.120366 13
0.902387 13
0.089973 13
0.217525 13
0.095564 13
0.656730 13
0.184805 13
0.227567 13
0.439056 13
0.136878 13
0.813012 16
0.908048 30
1.201770 1
0.122972 1
0.629323 30
0.002674 249
4.944532 1
0.211155 1
0.563575 1
0.183070 1
3.786908 1
1.315906 1
0.717057 1
0.375082 5
1.203586 11
0.001356 19
0.000224 162
113.345165 1
0.159933 1
0.441306 1
1.015765 1
0.249978 1
1.094493 6
1.581818 11
0.001310 162
3.759390 1
0.164802 1
0.533040 1
0.628448 1
0.739436 177
1.125685 1
0.262582 1
0.145589 1
0.302930 1
0.358575 1
0.126270 1
0.699347 11
0.001800 141
0.000186 8
0.000035 158
2.471732 1
0.153176 1
0.463498 1
0.290625 1
0.181431 1
0.578713 173
1.219625 1
0.153683 1
0.154106 1
0.253910 1
0.533199 1
0.819429 4
0.264251 1
0.120296 1
0.168866 11
0.001089 419
0.000174 162
26.309168 1
0.138920 1
0.888991 1
2.178580 1
0.695042 1
0.314324 6
1.693246 11
0.001301 162
3.051284 1
0.143978 1
0.609666 1
0.983342 4
0.437796 1
0.479519 1
0.611025 177
1.101318 1
0.124224 1
0.301620 1
0.141847 1
0.401699 1
0.104426 1
0.270565 11
0.001203 354
0.000170 166
6.021032 1
0.151332 1
0.119242 1
0.183346 1
1.201904 1
0.158495 1
1.220906 4
0.492159 11
0.000996 19
0.000254 166
146.695921 1
0.108024 1
0.444628 1
0.323606 1
0.160088 1
0.257849 173
1.191851 1
0.183341 1
0.378780 1
0.286815 1
0.280447 1
0.285047 1
0.688698 1
0.669017 1
0.159504 1
0.504378 1
0.124391 1
0.117063 1
0.861196 11
0.001643 162
3.487016 1
0.167735 1
0.258692 1
0.143972 1
0.322202 1
0.308669 1
0.348595 11
0.001390 13
0.000023 2
0.000051 63
0.000013 2
0.000013 60
0.000013 2
0.000013 59
0.000015 2
0.000015 59
0.000010 2
0.000018 59
0.000011 2
0.000343 8
0.000129 154
5.368106 1
0.297866 1
0.446523 4
0.411024 1
0.228469 1
0.249031 1
0.897118 1
1.210694 1
1.033240 1
17.390686 1
0.292375 1
1.924631 1
0.254185 5
1.092280 11
0.001737 162
159.281557 1
0.190924 1
1.682827 1
10.002214 1
0.175058 1
1.034185 1
0.545641 1
0.892031 11
0.001386 162
2.808403 1
0.144862 1
0.373472 1
0.134988 1
0.152071 1
1.456841 1
0.601086 1
2.377977 11
0.005032 162
1.573053 1
0.113845 1
1.904834 1
0.125151 1
0.197701 1
2.124735 4
0.261017 4
0.206298 4
2.353326 4
0.159177 4
0.180630 1
0.377286 1
0.289141 1
0.277424 1
0.209814 1
0.171908 1
0.403541 169
2.465545 1
0.247258 1
0.392171 1
0.249679 1
0.182840 1
0.316865 1
0.586343 1
0.373199 11
0.001050 45
0.000083 32
0.000386 158
2.116585 1
0.224066 1
0.521054 1
0.716623 1
0.191700 1
0.999252 1
0.402345 1
0.684391 11
0.004947 158
4.626126 11
0.000015 19
0.000101 158
1.108402 17
