0.013593 90
2.456578 1
0.128912 1
0.089156 1
0.143352 1
0.337541 1
0.146641 1
0.255514 1
0.174225 1
0.163420 1
0.248717 1
0.184481 1
0.162432 1
0.237739 1
0.826958 11
0.001291 20
0.000184 90
5.146588 1
0.151462 1
0.192950 1
2.926682 2
0.428840 23
3.492283 1
0.283838 1
2.209539 1
0.538936 8
3.258627 2
0.000015 9
0.000149 158
14.522006 1
0.125206 1
0.117857 1
0.152697 1
0.575895 1
0.113083 1
0.161942 1
0.397653 1
0.125352 1
0.376575 1
2.158789 81
1.605197 249
0.002024 54
1.745530 40
0.000124 2
0.000060 40
0.002341 40
0.000026 40
0.000015 46
0.000014 2
0.000014 43
0.000015 43
0.000017 49
0.000015 2
0.000025 63
0.000016 2
0.000387 208
0.137207 158
21.652194 1
0.123312 1
0.345855 1
0.161131 1
0.163129 1
0.607145 11
0.000205 138
0.244217 1
0.134485 1
0.521638 1
0.111204 1
0.187794 1
0.355862 11
0.000126 90
2.409224 5
0.327402 69
0.288607 297
0.449748 45
0.356103 80
0.537689 376
0.470681 68
0.411546 111
0.365635 158
0.313395 131
0.622048 123
0.206342 22
0.451200 25
0.501903 133
0.033469 185
0.025891 216
0.031857 68
0.028390 75
0.029829 146
0.030016 228
0.028561 51
0.030900 91
0.030832 196
0.029361 8
0.029691 1
0.030863 1
0.029236 1
0.031336 1
0.030249 1
0.030588 1
0.028827 1
2.571816 1
0.198373 1
0.184707 1
0.156752 1
1.301886 1
0.065588 1
0.241787 1
0.160821 1
1.838405 1
1.598269 1
0.165847 1
0.221004 1
0.364714 1
0.963051 1
0.539523 1
0.258773 1
0.606133 1
1.300425 1
0.063250 1
9.700676 4
0.194882 4
0.655455 1
0.440923 1
0.517437 1
0.091337 1
0.192535 1
9.702268 1
2.836202 1
3.006082 1
0.733338 1
2.667896 1
0.178226 1
0.272259 1
0.291507 1
1.138891 1
0.123479 1
0.218499 1
0.088091 1
0.271608 1
0.529284 1
0.121308 1
0.081447 1
2.176751 1
5.568639 1
1.600361 1
0.109755 1
0.431698 1
0.057790 1
0.879701 1
1.143842 1
0.026405 1
0.586771 4
0.163878 4
1.043021 4
0.153919 4
0.161196 4
0.155087 4
0.167262 4
0.159416 4
0.359655 4
1.060934 1
0.244726 1
1.494385 4
0.505117 1
0.949054 1
4.337117 1
0.448522 20
3.914907 4
0.500205 4
0.029639 489
0.032033 4
0.152836 4
0.173970 4
0.863931 1
3.239936 2
0.570989 23
17.451154 1
0.421540 3
15.795022 1
0.267069 1
0.140488 1
0.292467 1
0.827517 1
0.203776 1
0.198825 1
0.103640 1
0.515662 1
0.494118 1
0.095983 1
0.128817 1
2.671475 11
0.104617 32
8.782326 2
0.125325 80
0.000384 82
0.007023 8
0.000068 82
7.890611 1
0.118357 1
0.142387 1
0.336920 1
2.467701 2
0.292470 23
2.697626 1
0.238549 3
1.399254 13
1.363141 11
0.001037 9
0.000047 90
26.093282 17
