0.009409 90
9.473744 1
0.147689 1
0.457192 1
0.145750 1
2.418190 11
0.000258 2072
0.000030 107
0.000045 174
0.000067 448
0.000062 270
0.000084 431
0.000115 810
0.000189 90
23.584395 1
0.299928 1
0.431046 1
0.077127 1
0.240046 1
0.817315 1
0.155661 1
0.576431 4
0.812688 1
0.183431 1
0.486485 1
0.170238 1
0.096229 1
0.356426 1
0.236565 1553
0.000087 90
12.442820 1
0.131643 1
0.199935 11
0.001363 292
0.000297 90
1.355214 1
0.126943 1
0.104157 1
1.428156 2
0.645667 17
0.590431 11
0.000110 8
0.000028 120
1.207014 1
0.404504 1
0.341965 1
0.171694 1
0.177996 1
0.334504 11
0.000124 90
8.624039 1
0.466305 1
0.188708 1
0.119122 114
2.679982 1
0.179336 1
0.428276 1
0.146713 1
0.205730 1
0.398389 1
0.580921 1
0.155194 1
0.078160 1
0.412649 1
0.190398 1
0.203267 1
0.152818 11
0.002792 90
3.205230 1
0.118740 1
0.639833 1
0.202576 1
0.154000 1
0.162820 1
0.734846 1
0.147773 1
0.076876 1
0.451798 1
0.649757 1
0.100867 1
0.770315 11
0.001614 90
1.622325 1
0.527017 1
0.170441 1
0.640168 1
1.988371 1
0.085612 1
0.241411 1
0.141938 1
0.311360 1
0.587624 1
0.130573 1
0.104297 1
0.680379 11
4.696034 1
0.125917 1
0.208259 1
0.144776 1
4.148652 2
0.001102 10
0.000037 82
19.039597 1
0.123502 1
0.101834 1
0.392822 1
0.122660 1
0.210634 1
0.192165 1
0.286824 1
0.487036 1
0.124876 1
0.092959 1
0.551834 11
0.001699 90
23.568562 1
0.128254 1
0.397439 1
0.438532 1
0.189784 1
0.084256 1
0.535545 1
0.598434 2115
9.251929 1
0.173789 1
0.306798 1
0.185372 1
0.156745 1
0.832238 1
11.174270 18
0.000057 14
0.000137 10
0.000114 7
0.000294 12
0.000259 13
0.000181 14
0.000061 12
0.000206 7
0.000550 13
0.000036 8
1.428344 4
0.353091 4
0.506326 4
0.033212 4
0.029479 4
0.031458 4
0.029586 4
0.029362 4
0.031623 4
0.038633 4
0.025864 4
0.031258 4
0.029201 4
0.030432 4
0.030555 4
0.029341 4
0.031055 4
0.030295 4
0.029505 4
0.031317 4
0.034851 4
0.030336 4
0.027948 4
0.031128 4
0.030652 4
0.029793 4
0.031800 4
0.029639 4
0.031045 4
0.030191 4
0.030389 4
0.029468 4
0.029143 4
0.028545 4
0.030279 4
0.030148 4
0.029907 4
0.031297 4
0.031766 513
0.030621 4
0.029607 4
0.031222 4
0.037698 4
0.029076 4
0.030013 4
0.029650 4
0.031237 4
0.030076 4
0.029895 4
0.029852 4
0.030186 4
0.029992 4
0.030818 4
0.035290 4
0.030379 4
0.029953 4
0.030654 4
0.029948 4
0.030271 4
0.030330 4
0.030246 4
0.030158 4
0.030040 4
0.029897 4
0.030344 4
0.030389 4
0.030063 4
0.030488 4
0.030304 4
0.030356 4
0.028595 4
0.029104 4
0.029798 4
0.030579 4
0.031093 4
0.036097 4
0.031619 4
0.030918 4
0.030597 4
0.029407 4
0.030877 4
0.027733 4
0.030012 4
0.029889 4
0.030392 4
0.029939 4
0.037691 4
0.030837 4
0.030707 4
0.030726 4
4.314375 25
1.558958 1
0.120915 1
0.095102 1
0.502159 1
0.521905 1
0.317763 1
0.240004 1
0.178689 1
0.221415 1
1.334644 11
0.002101 90
5.108054 1
0.097197 1
2.354761 1
7.094112 11
0.001027 213
0.000208 90
2.185833 1
0.135287 1
0.234548 1
0.091964 1
2.223880 11
0.001138 34
0.000329 90
1.507362 1
0.100584 1
0.222151 1
0.388033 11
0.001139 102
0.000169 90
1.441758 1
0.117066 1
0.260349 1
0.275081 1
0.271749 1
0.176314 1
0.614448 11
0.001171 7
0.000146 90
4.857800 1
0.347305 1
0.131639 1
0.541779 1
1.290826 1
0.054715 1
0.208744 1
0.114426 1
0.513885 1
0.448222 1
0.126107 1
0.086307 1
0.593031 11
1.562992 1
0.092528 1
0.244297 1
1.356300 1
0.221624 1
0.136042 1
0.174056 1
0.296862 1
0.521140 1
0.954006 13
1.082047 1
0.309741 1
0.151525 1
0.101107 1
0.995912 1
0.220817 1
0.591407 1
1.540794 2
0.000023 9
1.201049 2
1.031390 6
0.842142 2
0.000500 92
3.380200 1
0.143356 1
0.180048 1
0.216990 1
1.336380 1
0.100505 1
0.193388 1
0.123530 1
0.450634 1
0.417114 1
0.143995 1
0.094634 1
0.428259 11
0.001229 20
0.000302 90
8.447343 1
0.064275 1
1.068097 11
0.002131 72
0.000166 2030
0.000166 2194
7.325658 1
1.004839 1
8.955893 41
2.201198 1
1.200436 1
2.048912 1
9.743539 1
3.026734 1
0.503104 1
1.001070 1
0.043292 602
1.849533 12
1.249183 31
0.758395 41
0.328485 31
0.646125 41
0.789041 31
57.455752 1
0.133122 20
1.400365 1
0.140245 1
0.642353 46
3.663325 33
1.756619 1
0.243270 96
0.000307 90
2.519583 1
0.097948 1
0.231894 1
2.423141 1
0.086618 1
0.192967 1
0.084403 1
0.286548 1
0.468797 1
0.134960 1
0.106338 1
0.758091 11
0.002416 72
0.000407 48
0.000050 18
0.000058 2020
0.000053 1468
4.603161 14
4.168116 15
1.194125 14
0.983797 27
1.945745 13
1.577968 124
1.689074 72
1.159552 72
0.991990 72
1.774315 16
0.924176 1
0.715923 2
0.750832 2
0.508152 14
1.001461 71
2.626976 13
2.095503 13
0.694483 13
1.132124 13
0.786137 13
0.751963 43
1.071124 1
0.823443 1
1.355561 1
0.555660 1
0.734531 1
0.317907 14
0.102672 15
2.819504 2
0.389527 2
0.324054 2
0.351475 2
0.593270 1
0.276739 1
0.180894 1
0.258066 1
0.323261 1
0.217358 1
0.176496 1
2.079618 14
1.334761 30
1.593685 14
1.193674 1
1.522621 15
0.767026 13
0.881400 1
2.270041 43
1.854947 1
1.861396 1
1.004621 1
3.130161 1
0.034302 14
0.984725 1
0.720305 72
1.107059 72
0.644838 72
0.377434 72
1.236848 72
2.748478 13
1.195626 13
0.043903 13
0.279965 13
0.174240 13
0.162813 13
0.158905 13
0.158730 1
0.362365 13
0.211478 13
0.010632 13
1.339917 13
0.176382 13
0.157690 13
8.463556 98
11.997916 16
0.977482 20
1.062283 1
0.148504 80
6.281476 33
0.960919 1
0.404512 1
0.000094 79
6.222169 33
0.770768 1
0.557693 1
0.308977 1
0.000892 95
0.001640 90
9.975677 11
0.753830 11
0.002847 39
0.000021 26
0.000008 7
0.000905 48
0.000080 18
0.000119 2020
0.000081 1468
2.182025 4
0.349800 1
0.194132 1
0.440012 5
0.448263 1
0.204756 1
0.186572 1
0.367679 1
1.442156 14
1.064992 15
1.812715 13
3.193510 57
3.513134 27
1.614739 27
1.489576 41
2.245438 87
1.282392 13
1.333182 98
1.319132 13
0.727943 13
0.802328 42
0.734644 6
0.595227 1
0.258585 1
0.222184 1
0.199461 1
0.392919 1
1.850185 14
0.816676 15
1.568721 13
1.918908 43
0.807426 1
0.393197 1
0.606911 1
0.964506 2
1.245841 1
1.349330 14
0.888966 15
0.170801 15
0.115671 15
2.750331 15
0.383113 72
1.614619 16
0.734263 2
0.422748 1
0.187457 1
0.203293 1
0.204332 1
0.455230 1
1.177043 14
0.417445 1
1.105101 15
0.595415 13
0.220411 1
0.580309 1
91.169425 99
1.877854 16
1.014900 27
0.423539 1
0.448686 2
0.575365 1
0.213948 1
0.188174 1
0.237119 1
0.393983 1
0.214885 27
0.695813 27
4.109011 27
0.247038 27
0.212847 27
0.189610 1
0.550787 1
0.544877 1
5.134814 137
1.018363 140
0.675050 102
0.880145 102
0.658742 102
1.309285 4
0.181530 1
0.157836 1
0.159604 1
0.175482 1
2.488528 14
1.459418 1
1.752145 15
1.862484 72
3.229462 16
0.816617 27
2.074214 137
1.601743 4
0.263994 1
0.300248 1
0.140737 1
0.341422 1
0.262324 1
1.251425 14
2.630810 16
0.994226 1
0.429556 27
0.804624 27
2.692865 14
1.091427 13
0.798332 13
0.469042 13
1.012702 13
0.127986 13
2.361536 16
1.443302 20
1.054642 1
0.122174 1
0.483849 21
0.001400 10
0.002329 88
0.000371 90
21.244537 1
0.357545 1
0.855963 1
0.161115 1
0.244965 1
0.389070 1
0.254365 1
0.158792 1
0.233497 1
0.409640 1
0.151945 1
0.069551 1
0.990005 11
0.001213 22
0.000184 90
5.640707 1
0.147733 1
0.129268 1
0.252361 1
0.462924 1
0.075925 1
0.418351 11
0.023205 25
0.011270 1047
0.000071 706
18.709177 28
0.003776 90
2.047755 1
0.177213 1
0.100976 1
0.953657 1
0.606714 1
0.225335 1
0.442220 1
0.210728 1
0.217037 1
0.393533 1
0.580259 11
0.006311 60
0.000691 90
6.338447 10
0.413430 1
0.189307 1
0.145830 1
0.240234 1
0.508808 13
0.546040 9
0.539478 11
0.022961 25
0.014342 84
0.000043 2
0.000008 3
0.000007 2
0.000008 15
0.000007 2
0.000008 72
0.000007 2
0.000007 3
0.000008 2
0.000007 19
0.000010 2
0.000008 38
0.000007 2
0.000008 40
0.000010 2
0.000010 3
0.000007 2
0.000012 22
0.000007 2
0.000010 64
0.000008 2
0.000008 3
0.000007 2
0.000010 51
0.000012 2
0.000007 3
0.000008 2
0.000008 27
0.000008 2
0.000008 52
0.000008 2
0.000010 3
0.000008 2
0.000008 17
0.000007 2
0.000011 35
0.000010 2
0.000010 3
0.000013 2
0.000015 33
0.000011 2
0.000009 78
0.000008 2
0.000007 79
0.000007 2
0.000009 3
0.000008 2
0.000010 20
0.000010 2
0.000009 85
0.000007 2
0.000007 65
0.000008 2
0.000014 76
0.000035 8
0.000007 2
0.000008 57
0.000008 2
0.000011 3
0.000008 2
0.000008 27
0.000008 2
0.000008 19
0.000007 2
0.000007 3
0.000012 2
0.000007 76
0.000008 2
0.000007 72
0.000009 2
0.000008 3
0.000010 2
0.000063 84
0.000009 2
0.000021 82
11.574599 28
0.000944 90
30.794670 1
0.105472 1
0.221176 1
0.816915 1
0.105516 1
0.257864 1
0.257276 1
0.241894 1
0.460014 1
0.122226 1
0.094147 1
7.440163 1
0.663133 1
0.093713 1
0.202152 1
0.456006 1
0.350451 1
0.393224 1
0.142692 1
0.076239 1
1.243315 11
0.004434 90
12.066159 1
0.279384 1
0.408404 1
0.275711 1
0.403800 1
0.246872 1
1.050125 1
0.263198 1
0.141931 1
0.177224 1
0.348195 1
0.530412 1
0.453249 1
0.109936 1
0.139287 1
0.880295 11
0.002993 90
8.717811 17
