0.013625 148
74.935790 1
0.178033 1
0.252210 1
0.647912 6
0.906584 1
0.903105 4
0.951882 11
0.001612 48
18.540117 1
0.261637 1
0.176887 1
0.356475 1
0.767445 2
0.002504 148
468.955910 1
0.108999 1
0.343149 1
0.337598 1
0.084373 1
1.551810 2
0.006864 40
0.000023 2
0.000057 107
0.000013 2
0.000040 67
0.000013 2
0.000371 8
0.000036 140
3.694961 1
32.864893 4
597.564407 1
0.586292 1
0.395627 1
0.227486 1
0.150908 1
0.579660 1
1.313248 11
0.002647 59
0.002761 1111
1.976894 88
1.869354 1
0.201634 1
0.711783 1
0.822477 15
0.501357 1
0.740298 4
1.471241 2
0.001792 72
0.000176 81
1.425271 1
0.176323 1
0.926570 1
0.347295 1
0.262842 1
0.868834 10
0.351947 1
0.972011 4
0.587697 4
0.191572 4
0.508714 15
0.564589 1
0.186958 4
1.672599 1
0.251827 1
0.419526 1
0.115719 1
0.108020 1
1.251676 2
0.001725 148
0.000174 81
2.708355 18
0.768106 1
0.719543 1
0.463303 1
0.169637 1
2.124899 4
2.110798 1
0.723180 2
0.001672 148
0.000175 81
1.183936 22
1.427064 4
0.290814 1
2.549664 2
0.004506 81
3.911604 33
0.002612 45
0.000756 148
2.918094 1
0.241360 1
0.339575 1
0.211028 1
0.567042 4
1.603423 1
0.178189 1
0.506474 1
0.182233 1
0.388025 1
0.161247 1
0.501934 11
0.002376 59
0.001158 869
1.319950 1
0.298696 1
0.318365 1
0.099108 1
23.992897 66
0.000239 148
302.451545 1
0.218201 1
0.232079 1
0.188816 1
0.166705 1
0.357818 1
3.057275 11
0.002695 59
0.001585 1111
0.298493 88
1.078840 1
0.186288 1
0.253078 1
0.886948 15
1.705108 1
0.162440 4
0.543872 2
0.001454 91
0.000539 81
2.288510 1
0.378020 1
0.700545 10
1.022099 1
0.288537 15
0.864688 1
0.203109 4
1.509408 1
0.403315 1
0.185674 1
1.718816 2
0.001824 124
0.000200 81
1.638051 1
0.194849 1
1.368256 4
0.251040 4
0.286344 10
0.336349 16
0.581253 4
0.190175 4
0.186085 4
6.834371 1
0.120936 1
0.631101 1
0.460092 1
0.673248 2
0.001710 108
0.000175 81
4.532856 17
0.839589 4
0.169602 4
0.261933 4
0.720282 1
0.151818 1
0.981740 1
0.309929 1
1.257267 1
1.752590 1
0.149413 1
0.143697 1
1.916084 1
0.201652 1
2.202213 1
0.145573 1
1.121598 2
0.001810 69
0.000171 81
1.692245 26
3.523246 4
0.499851 4
0.030318 4
0.029406 4
0.030121 4
0.033038 4
0.027340 4
0.028835 4
0.033713 4
0.028339 4
0.029572 4
0.029394 4
0.030165 4
0.029291 4
0.031071 4
0.030091 4
0.029331 4
0.029311 4
0.030160 4
0.030195 4
0.030583 4
0.029909 4
0.030382 4
0.029553 4
0.029394 4
0.030446 4
0.130866 10
0.302466 30
0.404758 40
19.352352 17
1.146928 1
0.185854 1
1.748955 4
0.196509 4
0.115354 4
0.267481 4
0.499267 4
0.031340 4
0.029247 4
0.031752 4
0.028884 4
0.029194 4
0.030365 4
0.034242 4
0.025066 4
0.030097 4
0.030018 4
0.030345 4
0.029744 4
0.030210 4
0.031041 4
0.130233 10
0.310996 30
0.100746 10
0.057535 16
0.948592 6
0.380822 20
0.318070 26
0.240980 2
0.545664 7
0.393619 4
0.503396 2
0.028513 29
0.029194 17
0.030214 3
0.031545 19
0.187847 10
0.301903 30
0.803638 80
0.520243 1
0.184832 1
0.181780 1
0.419024 15
0.308261 1
0.194613 4
0.855382 1
0.261274 1
0.166383 1
0.332277 1
0.509430 1
0.389750 1
0.937286 1
0.170145 1
0.115147 1
0.551782 1
0.393004 1
0.655710 1
0.076303 1
0.259095 1
1.040243 2
0.003311 25
0.000061 2
0.000235 22
0.000039 2
0.000086 34
0.000037 2
0.000057 14
0.000036 2
0.000074 19
0.000036 2
0.000081 22
0.000068 2
0.000266 57
0.000038 2
0.000291 67
0.000037 2
0.000411 61
0.000044 2
0.000057 65
0.000024 2
0.000057 65
0.000024 2
0.000058 70
0.000023 2
0.000094 66
0.000023 2
0.000033 62
0.000023 2
0.000117 65
0.000027 2
0.000629 68
0.000021 2
0.000104 63
0.000018 2
0.000786 74
0.000022 2
0.000069 64
0.000021 2
0.000028 68
0.000019 2
0.000024 72
0.000019 2
0.000031 72
0.000018 2
0.000042 65
0.000019 2
0.000085 66
0.000042 2
0.000056 67
0.000019 2
0.000051 68
0.000021 2
0.000040 66
0.000019 2
0.000029 67
0.000021 2
0.000024 67
0.000018 2
0.000041 67
0.000018 2
0.000067 57
0.000019 2
0.000024 58
0.000018 2
0.000072 73
0.000019 2
0.000081 61
0.000018 2
0.000102 62
0.000019 2
0.000026 62
0.000019 2
0.000027 70
0.000018 2
0.000026 62
0.000018 2
0.000035 64
0.000019 2
0.000073 62
0.000018 2
0.000054 63
0.000019 2
0.000081 67
0.000020 2
0.000073 62
0.000018 2
0.000025 65
0.000019 2
0.000025 66
0.000018 2
0.000044 66
0.000013 2
0.000026 62
0.000034 2
0.000027 64
0.000013 2
0.000019 62
0.000013 2
0.000018 69
0.000014 2
0.000031 62
0.000013 2
0.000021 64
0.000014 2
0.000109 60
0.000014 2
0.000019 62
0.000013 2
0.000033 60
0.000013 2
0.000017 61
0.000013 2
0.000022 66
0.000014 2
0.000037 74
0.000014 2
0.000025 69
0.000018 2
0.000034 60
0.000016 2
0.000121 80
0.000014 2
0.000022 86
0.000013 2
0.000025 80
0.000015 2
0.000023 80
0.000014 2
0.000025 80
0.000014 2
0.000032 80
0.000359 2
0.000688 669
0.002512 232
0.000418 4095
0.000008 2526
0.000054 73
0.000039 70
0.000041 70
0.000315 69
0.000087 145
0.000230 335
0.000098 164
0.000042 175
0.000071 138
0.000125 212
0.000045 73
0.000065 148
0.000096 209
0.000029 71
0.000050 221
0.000081 224
0.000029 212
0.000041 71
0.000062 139
0.000047 147
0.000042 74
0.000067 209
0.000048 211
0.000127 66
0.000058 75
0.000030 71
0.000063 148
0.000058 213
0.000103 67
0.000043 72
0.000064 250
0.000108 317
0.000097 152
0.000063 216
0.000083 273
0.000202 648
0.000070 151
0.000213 217
0.000074 64
0.000052 65
0.000143 201
0.000115 66
0.000117 134
0.000031 65
0.000068 249
0.000060 246
0.000097 508
0.000204 256
0.000082 72
0.000054 389
0.000075 189
0.000282 457
0.000069 66
0.000870 146
0.000071 62
0.000056 138
0.000092 245
0.000043 74
0.000050 61
0.000036 72
0.000101 168
0.000048 165
0.000052 67
0.000058 270
0.000058 137
0.000049 134
0.000254 217
0.000096 276
0.000069 72
0.000048 196
0.000025 64
0.000066 74
0.000088 128
0.000066 151
0.000052 256
0.000040 21
0.000050 256
0.000038 15
0.000048 64
0.000015 210
0.000050 66
0.000022 65
0.000035 145
0.000021 72
0.000044 161
0.000237 256
0.000109 1056
0.000047 198
0.000053 70
0.000025 69
0.000276 256
0.000066 256
0.000022 256
0.000023 71
0.000035 220
0.000038 205
0.000061 256
0.000051 256
0.000049 499
0.000160 74
0.000092 620
0.000065 140
0.000077 68
0.000024 204
0.000054 197
0.000058 192
0.000025 72
0.000048 67
0.000220 541
0.000066 256
0.000021 8
0.000138 251
0.000021 489
0.000078 256
0.000148 715
0.000132 1069
0.000155 630
0.000095 256
0.000022 256
0.000019 256
0.000031 124
0.000039 256
0.000041 281
0.000076 152
0.000054 153
0.000037 138
0.000034 75
0.000051 161
0.000027 73
0.000075 74
0.000075 208
0.000056 69
0.000126 223
0.000196 618
0.001694 256
0.002049 3839
0.000069 1280
0.000024 512
0.000032 256
0.000040 1280
0.000049 767
0.000088 1094
0.000068 150
0.000053 223
0.000116 643
0.000061 368
0.001368 1280
0.000039 256
0.000058 256
0.000039 256
0.000040 53
0.000137 256
0.000044 1262
0.000068 667
0.001897 1536
0.000054 1280
0.000031 256
0.000044 1023
0.000062 256
0.000048 622
0.000052 512
0.000019 6
0.000065 76
0.000161 256
0.000056 302
0.000053 140
0.000096 63
0.000080 234
0.000049 153
0.000281 91
0.000093 146
0.000074 227
0.000095 179
0.000139 100
0.000074 247
0.000053 69
0.000132 222
0.000060 168
0.000074 256
0.000029 169
0.000046 164
0.000069 98
0.000061 82
0.000062 146
0.000028 98
0.000075 170
0.000097 247
0.000057 190
0.000039 106
0.000045 180
0.000053 157
0.000028 157
0.000061 97
0.000065 316
0.000096 256
0.000036 256
0.000018 191
0.000107 74
0.000177 63
0.000087 68
0.000173 64
0.000227 256
0.000067 18
0.000058 256
0.000026 225
0.000196 256
0.000031 208
0.000065 77
0.000106 256
0.000073 256
0.000136 256
0.000070 554
0.000285 512
0.000032 26
0.000052 73
0.000083 219
0.000077 225
0.000050 138
0.000118 227
0.000047 218
0.000052 76
0.000052 153
0.000045 63
0.000139 240
0.000062 162
0.000157 70
0.000108 435
0.000065 256
0.000051 109
0.000021 150
0.000045 69
0.000203 76
0.000139 75
0.000133 71
0.000041 71
0.000068 71
0.000070 301
0.000073 144
0.000059 141
0.000025 74
0.000077 64
0.000074 147
0.000068 219
0.000047 72
0.000068 211
0.000034 256
0.000019 18
0.000055 70
0.000025 66
0.000121 256
0.000019 125
0.000084 145
0.000067 224
0.000058 221
0.000042 217
0.000032 224
0.000056 307
0.000056 76
0.000065 256
0.000045 256
0.000049 256
0.000030 256
0.000017 64
0.000056 256
0.000019 256
0.000042 51
0.000054 172
0.000056 155
0.000194 68
0.000137 65
0.000045 72
0.000035 70
0.000034 72
0.000033 68
0.000079 161
0.000044 73
0.000021 68
0.000057 69
0.000085 166
0.000035 85
0.000071 75
0.000052 310
0.000043 75
0.000089 472
0.000083 70
0.000084 72
0.000085 78
0.000068 153
0.000055 290
0.000135 157
0.000025 81
0.000115 150
0.000089 225
0.000114 519
0.000055 256
0.000053 512
0.000040 127
0.000147 155
0.000214 65
0.000041 84
0.000103 71
0.000112 234
0.000051 238
0.000182 158
0.000085 153
0.000104 153
0.000090 222
0.000068 147
0.000030 229
0.000091 81
0.000754 170
0.000126 143
0.000089 256
0.000072 256
0.000072 584
0.000034 73
0.000066 65
0.000223 149
0.000053 80
0.000074 73
0.000055 368
0.000178 158
0.000058 163
0.000102 256
0.000075 336
0.000048 289
0.000092 67
0.000435 76
0.000421 69
0.000108 63
0.000083 83
0.000070 148
0.000214 70
0.000038 201
0.000065 63
0.000135 69
0.000100 58
0.000076 64
0.000073 58
0.000044 65
0.000096 58
0.000175 56
0.000246 59
0.000051 59
0.000085 58
0.000061 58
0.000050 58
0.000161 83
0.000059 77
0.000050 82
0.000075 82
0.000239 69
0.000135 73
0.000034 67
0.000049 62
0.000043 66
0.000072 89
0.000197 106
0.000064 66
0.000101 105
0.000087 188
0.000058 195
0.000266 160
0.000189 185
0.000057 89
0.000085 105
0.000083 90
0.000050 90
0.000078 85
0.000150 79
0.000114 157
0.000061 85
0.000091 87
0.000040 83
0.000064 103
0.000061 101
0.000053 288
0.000071 96
0.000165 86
0.000060 79
0.000180 166
0.000252 256
0.000084 901
0.000075 107
0.000131 176
0.000083 260
0.000063 274
0.000076 173
0.000222 82
0.000110 60
0.000099 60
0.000229 151
0.000246 84
0.000294 352
0.000082 341
0.000074 83
0.000116 64
0.000109 59
0.000069 59
0.000029 57
0.000248 171
0.000095 178
0.000265 176
0.001552 889
0.000004 177
0.000697 442
0.000098 76
0.000043 82
0.000255 71
0.000069 71
0.000177 138
0.000124 65
0.000221 89
0.000047 167
0.000131 74
0.000048 82
0.000089 66
0.000315 74
0.000096 75
0.000161 142
0.000019 76
0.000090 63
0.000038 71
0.000067 210
0.000103 71
0.000137 70
0.000193 71
0.000285 68
0.000200 137
0.000050 68
0.000096 129
0.000306 65
0.000297 137
0.000346 149
0.000080 81
0.000054 81
0.000030 73
0.000047 71
0.000428 73
0.000136 84
0.000119 89
0.000102 176
0.000209 89
0.000195 69
0.000049 146
0.000053 147
0.000148 187
0.000014 98
0.000056 183
0.000041 87
0.000037 87
0.000035 87
0.000059 262
0.000046 88
0.000102 86
0.000058 176
0.000090 239
0.000059 333
0.000049 168
0.000209 69
0.000059 72
0.000044 69
0.000080 74
0.000086 69
0.000101 68
0.000037 127
0.000038 64
0.000145 70
0.000046 61
0.000066 74
0.000210 62
0.000071 75
0.000212 137
0.000070 68
0.000082 63
0.000064 69
0.000072 142
0.000078 72
0.000063 72
0.000058 146
0.000143 75
0.000192 64
0.000047 76
0.000054 164
0.000074 74
0.000035 71
0.000041 82
0.000048 65
0.000042 208
0.000103 70
0.000053 79
0.000034 75
0.000045 153
0.000086 83
0.000095 80
0.000047 74
0.000214 86
0.000075 88
0.002463 86
0.000072 236
0.000351 79
0.000055 156
0.000039 84
0.000062 79
0.000079 79
0.000119 78
0.000224 74
0.000030 78
0.000136 77
0.000052 78
0.000193 162
0.000279 612
0.000220 517
0.000345 85
0.000066 246
0.000160 253
0.000056 85
0.000154 137
0.000181 273
0.000074 69
0.000103 147
0.000245 67
0.000086 62
0.000116 80
0.000091 124
0.000289 70
0.000070 141
0.000198 68
0.000077 202
0.000268 70
0.000183 207
0.000074 69
0.000112 71
0.000214 202
0.000101 143
0.000201 67
0.000259 213
0.000259 145
0.000203 131
0.000260 69
0.000090 128
0.000029 67
0.000168 185
0.000143 132
0.000324 142
0.000137 78
0.000110 63
0.000440 148
0.000446 201
0.000251 84
0.000484 299
0.000059 280
0.000454 70
0.000071 146
0.000084 62
0.000336 192
0.000020 59
0.000215 128
0.000069 61
0.000012 67
0.000032 71
0.012098 177
0.000096 61
0.000304 59
0.000263 69
0.000379 269
0.000101 132
0.000111 67
0.000626 70
0.000078 65
0.001061 909
0.000087 119
0.000094 75
0.000096 63
0.000095 264
0.000061 66
0.000100 64
0.000064 65
0.000057 133
0.000052 203
0.000074 395
0.000271 528
0.000110 252
0.000067 82
0.000053 256
0.000029 414
0.000081 163
0.000194 232
0.000123 482
0.000205 256
0.000102 256
0.000055 600
0.000029 182
0.000048 171
0.000285 256
0.000088 1100
0.000082 174
0.000065 86
0.000060 165
0.000088 173
0.000033 167
0.000067 175
0.000075 170
0.000057 166
0.000062 91
0.000074 517
0.000092 253
0.000078 162
0.000202 314
0.000088 229
0.000180 132
0.000081 209
0.000126 135
0.000227 213
0.000276 214
0.000080 250
0.000053 494
0.000080 425
0.000095 76
0.000066 280
0.000078 221
0.000054 366
0.000027 70
0.000028 71
0.000083 139
0.000046 221
0.000076 256
0.000037 19
0.000033 145
0.000044 66
0.000058 146
0.000087 292
0.000060 69
0.000068 213
0.000074 493
0.000123 152
0.000063 216
0.000042 206
0.000044 67
0.000169 256
0.000038 256
0.000025 256
0.000030 31
0.000046 140
0.000031 77
0.000054 64
0.000045 65
0.000185 401
0.000219 256
0.000090 687
0.000014 125
0.000199 256
0.000072 72
0.000016 389
0.000045 63
0.000032 63
0.000063 328
0.000040 59
0.000058 133
0.000025 66
0.000632 256
0.000076 472
0.000090 256
0.000066 621
0.000049 134
0.000167 217
0.000258 348
0.000075 196
0.000061 138
0.000085 128
0.000070 296
0.000054 260
0.000040 75
0.000043 68
0.000052 137
0.000053 71
0.000050 278
0.000046 66
0.000044 70
0.000222 312
0.000060 311
0.000031 84
0.000068 256
0.000049 91
0.000041 146
0.000020 139
0.000052 134
0.000048 198
0.000031 70
0.000048 69
0.000192 493
0.000067 141
0.000052 145
0.000025 60
0.000247 256
0.000042 169
0.000079 256
0.000039 402
0.000061 353
0.000048 74
0.000064 256
0.000055 364
0.000081 140
0.000041 256
0.000019 16
0.000036 197
0.000079 128
0.000053 136
0.000024 67
0.000258 256
0.000031 256
0.000025 161
0.000067 132
0.000089 256
0.000112 256
0.000046 631
0.000093 1067
0.000070 256
0.000031 256
0.000039 389
0.000049 256
0.000051 256
0.000030 211
0.000058 256
0.000080 418
0.000060 61
0.000054 124
0.000113 72
0.000080 74
0.000051 152
0.000045 256
0.000022 35
0.000019 75
0.000045 161
0.000055 73
0.000087 144
0.000073 138
0.000075 69
0.000032 73
0.000096 150
0.000154 256
0.000077 228
0.000028 134
0.000243 256
0.000062 256
0.000032 1
0.000075 256
0.000048 604
0.000059 223
0.000083 208
0.000100 222
0.000088 149
0.000109 256
0.000129 260
0.000084 73
0.000043 65
0.000027 155
0.000044 266
0.000075 61
0.000277 256
0.000081 172
0.000094 136
0.000047 141
0.000046 77
0.000090 212
0.000060 141
0.000038 205
0.000098 223
0.000140 69
0.000063 73
0.000033 149
0.000055 68
0.000359 262
0.000104 140
0.000266 331
0.000101 130
0.000113 256
0.000091 756
0.000036 158
0.000098 418
0.000128 77
0.000077 170
0.000140 328
0.000091 130
0.000047 74
0.000066 62
0.000027 62
0.000058 75
0.000214 61
0.000603 256
0.000746 2420
0.000164 64
0.000167 70
0.000053 74
0.000260 589
0.000272 256
0.000083 246
0.000153 256
0.000035 256
0.000030 217
0.000116 256
0.000019 256
0.000029 256
0.000019 256
0.000017 208
0.000057 358
0.000206 123
0.000451 234
0.000033 238
0.000147 377
0.000081 155
0.000074 84
0.000035 79
0.000045 88
0.000054 256
0.000046 218
0.000080 388
0.000088 464
0.000083 298
0.000095 256
0.000023 121
0.000024 151
0.000055 77
0.000173 239
0.001443 78
0.001312 1280
0.000024 256
0.000017 256
0.000016 256
0.000016 256
0.000030 256
0.000018 256
0.000017 256
0.000017 256
0.000029 256
0.000017 134
0.000233 256
0.000045 1280
0.000016 256
0.000020 256
0.000019 256
0.000018 256
0.000019 256
0.000083 1024
0.000005 224
0.000091 256
0.000018 256
0.000037 256
0.000049 256
0.000030 195
0.000065 663
0.000036 158
0.000106 256
0.000023 256
0.000016 66
0.000132 155
0.000041 78
0.000030 154
0.000032 151
0.000085 73
0.000076 219
0.000083 256
0.000050 107
0.000132 227
0.000042 71
0.000061 147
0.000069 157
0.000075 72
0.000024 63
0.000088 240
0.000048 162
0.000153 70
0.000071 220
0.000040 71
0.000031 144
0.000037 72
0.000046 216
0.000045 227
0.000083 69
0.000149 76
0.000090 75
0.000112 71
0.000047 218
0.000063 154
0.000065 256
0.000022 174
0.000036 64
0.000063 147
0.000050 72
0.000150 704
0.000068 136
0.000109 151
0.000027 230
0.000078 145
0.000070 224
0.004427 1280
0.000158 1792
0.000066 1023
0.000201 256
0.000042 1280
0.000021 256
0.000030 256
0.000024 256
0.000057 1280
0.000042 511
0.000223 2304
0.000023 256
0.000018 256
0.000032 256
0.000055 627
0.000082 547
0.000071 512
0.000041 143
0.000249 67
0.000253 67
0.000150 76
0.000517 69
0.000088 63
0.000091 83
0.000080 148
0.000183 70
0.000027 69
0.000054 132
0.000123 63
0.000179 69
0.000118 58
0.000089 64
0.000083 58
0.000048 65
0.000116 58
0.000177 56
0.000167 59
0.000036 59
0.000084 58
0.000048 58
0.000056 58
0.000122 160
0.000076 82
0.000081 82
0.000198 69
0.000256 73
0.000079 67
0.000083 62
0.000109 66
0.000057 89
0.000098 106
0.000075 66
0.000121 105
0.000088 95
0.000062 288
0.000258 80
0.000076 80
0.000104 185
0.000051 89
0.000100 105
0.000118 90
0.000046 90
0.000049 85
0.000142 79
0.000079 78
0.000044 164
0.000087 87
0.000044 83
0.000061 103
0.000062 101
0.000055 197
0.000023 2
0.000023 89
0.000042 96
0.000090 86
0.000098 79
0.000154 86
0.000022 80
0.000112 99
0.000090 194
0.000024 96
0.000043 109
0.000057 256
0.000061 60
0.000030 256
0.000043 194
0.000081 90
0.000054 346
0.000070 256
0.000041 18
0.000021 173
0.000065 82
0.000099 60
0.000042 60
0.000109 69
0.000035 82
0.000123 84
0.000355 256
0.000023 96
0.000040 167
0.000048 174
0.000023 83
0.000035 64
0.000062 59
0.000045 59
0.000020 57
0.000127 57
0.000038 57
0.000046 57
0.000045 121
0.000026 57
0.000100 61
0.000037 115
0.000209 55
0.000038 61
0.000070 59
0.000109 57
0.000071 58
0.000074 60
0.000051 56
0.000184 71
0.000225 74
0.000274 174
0.000125 80
0.000209 84
0.000095 177
0.000141 68
0.000054 72
0.000244 152
0.000161 74
0.000194 76
0.000143 76
0.000053 82
0.000288 71
0.000085 71
0.000128 69
0.000023 69
0.000066 65
0.000190 89
0.000042 88
0.000052 79
0.000123 74
0.000052 82
0.000077 66
0.000231 74
0.000078 75
0.000133 142
0.000063 76
0.000133 63
0.000039 71
0.000064 210
0.000063 71
0.000249 70
0.000286 71
0.000427 68
0.000328 256
0.000051 78
0.000056 132
0.000026 70
0.000328 455
0.000088 73
0.000228 84
0.000049 89
0.000073 176
0.000401 89
0.000101 69
0.000123 293
0.000264 555
0.000100 174
0.000071 86
0.000059 88
0.000049 88
0.000031 88
0.000056 86
0.000080 176
0.000081 239
0.000083 84
0.000057 164
0.000069 253
0.000241 284
0.000123 69
0.000143 68
0.000067 127
0.000080 64
0.000266 205
0.000309 137
0.000379 205
0.000083 63
0.000077 69
0.000072 142
0.000113 72
0.000082 144
0.001619 74
0.004491 256
0.000058 1280
0.000038 217
0.000226 256
0.000022 256
0.000018 256
0.000033 256
0.000064 1536
0.000051 1280
0.000024 255
0.000084 256
0.000019 256
0.000020 256
0.000043 256
0.000022 256
0.000019 165
0.000026 145
0.000108 64
0.000026 67
0.000323 69
0.000086 128
0.000108 67
0.000089 61
0.000084 64
0.000051 60
0.000174 132
0.000378 142
0.000203 78
0.000061 63
0.000237 148
0.000088 201
0.000042 84
0.000271 153
0.000055 76
0.000059 137
0.000061 146
0.000040 67
0.000407 70
0.000089 77
0.000033 69
0.000055 62
0.000217 192
0.000064 59
0.000344 128
0.000339 128
0.000060 71
0.014234 238
0.000517 30
0.000069 30
0.000209 42
0.000098 90
0.000069 40
0.000091 101
0.000069 32
0.000065 256
0.000059 256
0.000066 148
0.000902 156
0.000062 30
0.000082 37
0.000038 31
0.000300 94
0.000274 136
0.000133 256
0.000141 138
0.000070 36
0.000089 157
0.000090 136
0.000076 96
0.000067 31
0.000069 95
0.000047 2
0.000093 256
0.000042 16
0.000221 35
0.000196 538
0.000027 77
0.000070 57
0.000048 27
0.000212 261
0.000123 33
0.000060 71
0.000053 30
0.000041 54
0.000027 31
0.000060 22
0.000271 256
0.000072 256
0.000066 235
0.000086 514
0.000065 256
0.000059 251
0.000079 256
0.000068 256
0.000089 256
0.000074 256
0.000058 14
0.000116 1280
0.000056 33
0.000082 356
0.000212 196
0.000663 23
0.001110 299
0.000108 18
0.000049 17
0.000072 40
0.001208 118
0.000300 108
0.000090 37
0.000116 33
0.000227 61
0.000094 39
0.000217 63
0.000335 113
0.000390 263
0.000122 83
0.000093 500
0.000060 142
0.000093 166
0.000073 448
0.000026 38
0.000055 77
0.000169 45
0.000227 49
0.000080 48
0.000062 91
0.000066 56
0.000157 42
0.000108 256
0.000041 106
0.000024 48
0.000204 153
0.000062 97
0.001927 1536
0.000030 256
0.000050 256
0.000023 33
0.000037 36
0.000043 31
0.000227 42
0.000056 176
0.001234 256
0.000065 1280
0.000026 768
0.000025 25
0.000091 999
0.000053 231
0.000185 135
0.000306 256
0.000052 537
0.000127 256
0.000062 256
0.000028 256
0.000022 237
0.000294 122
0.000072 202
0.000243 256
0.000066 256
0.000052 560
0.000211 135
0.000354 119
0.000120 133
0.000049 122
0.000076 256
0.000077 220
0.000070 115
0.000072 78
0.000124 256
0.000148 439
0.000352 122
0.000135 129
0.000033 73
0.000304 256
0.000046 256
0.000086 428
0.000100 625
0.000028 58
0.000056 243
0.000118 170
0.000183 68
0.000103 54
0.000034 56
0.000047 72
0.000291 256
0.000089 256
0.000059 76
0.000079 490
0.000280 201
0.000137 118
0.000120 64
0.000050 256
0.000159 256
0.000050 256
0.000047 568
0.000076 614
0.000260 639
0.000048 67
0.000166 118
0.000098 256
0.000249 256
0.000180 2168
0.000144 768
0.000068 683
0.000150 1024
0.000063 256
0.000084 198
0.000140 256
0.000074 1280
0.000068 134
0.000102 256
0.000135 256
0.000067 819
0.000152 1024
0.000029 256
0.000054 256
0.000064 79
0.000209 768
0.000060 467
0.000185 1536
0.000007 232
0.000090 586
0.000409 130
0.001549 114
0.000173 330
0.000063 98
0.000103 220
0.000108 1081
0.000100 856
0.000124 256
0.000125 1024
0.000049 111
0.000096 983
0.000034 57
0.000043 161
0.000071 167
0.000042 104
0.000039 55
0.000064 111
0.000376 256
0.000031 256
0.000020 256
0.000019 256
0.000098 76
0.000106 256
0.000060 256
0.000032 256
0.000017 256
0.000047 663
0.000130 1280
0.000041 783
0.000121 1198
0.000085 856
0.000044 173
0.000062 282
0.000082 304
0.000068 181
0.000094 124
0.000041 256
0.000016 256
0.000016 27
0.000123 256
0.000117 1028
0.000100 768
0.000040 493
0.000119 256
0.000037 256
0.000017 256
0.000016 37
0.000076 256
0.000016 256
0.000017 256
0.000016 256
0.000016 256
0.000024 243
0.000473 117
0.000519 256
0.000075 256
0.000019 97
0.000067 161
0.000068 447
0.000050 121
0.000045 165
0.000043 113
0.000029 220
0.000259 820
0.000079 256
0.000024 512
0.000020 85
0.000040 256
0.000030 256
0.000050 14
0.000040 118
0.000091 256
0.000197 1196
0.000104 1280
0.000021 256
0.000016 19
0.000026 198
0.000512 256
0.000111 561
0.000066 107
0.000044 54
0.000057 256
0.000032 24
0.000047 173
0.000219 607
0.000058 161
0.000058 256
0.000074 739
0.000051 234
0.000072 62
0.000063 453
0.000269 623
0.000097 256
0.000103 256
0.000062 546
0.000116 879
0.000082 709
0.000061 235
0.000050 256
0.000026 218
0.000784 360
0.000616 768
0.001502 159
0.005124 256
0.000394 256
0.000023 256
0.000019 256
0.000020 256
0.000019 256
0.000018 256
0.000020 256
0.000019 256
0.000019 256
0.000018 256
0.000019 256
0.000019 256
0.000019 256
0.000051 256
0.000023 255
0.000258 256
0.000023 256
0.000031 256
0.000019 256
0.000018 256
0.000050 256
0.000047 1536
0.000024 256
0.000021 256
0.000028 256
0.000020 255
0.000226 256
0.000021 256
0.000022 256
0.000045 1280
0.000036 256
0.000067 1536
0.000058 255
0.000218 768
0.000021 256
0.000054 256
0.000021 256
0.000019 256
0.000019 256
0.000018 256
0.000019 256
0.000019 256
0.000032 256
0.000030 256
0.000057 767
0.000231 1536
0.000027 256
0.000027 768
0.000021 256
0.000033 256
0.000035 256
0.000020 256
0.000025 256
0.000019 255
0.000258 1280
0.000024 256
0.000019 256
0.000019 256
0.000020 256
0.000065 256
0.000026 256
0.000019 256
0.000019 256
0.000018 256
0.000055 511
0.000237 1536
0.000025 256
0.000038 256
0.000020 256
0.000019 256
0.000019 256
0.000031 256
0.000020 256
0.000019 256
0.000028 256
0.000046 255
0.000082 647
0.000479 512
0.000046 59
0.000053 256
0.000039 172
0.000782 256
0.000038 256
0.000024 256
0.000042 21
0.000064 58
0.000290 222
0.000360 530
0.000074 256
0.000081 256
0.000065 256
0.000045 245
0.000078 256
0.000019 256
0.000017 256
0.000016 256
0.000017 256
0.000015 49
0.000022 120
0.000548 256
0.000026 134
0.000212 256
0.000027 256
0.000018 256
0.000016 256
0.000016 27
0.000091 256
0.000042 202
0.000190 256
0.000038 43
0.000051 141
0.000356 240
0.000074 256
0.000126 576
0.000069 125
0.000074 256
0.000021 256
0.000022 256
0.000022 26
0.000416 256
0.000069 83
0.000251 119
0.000071 256
0.000071 256
0.000026 256
0.000024 38
0.000032 60
0.000612 115
0.000227 256
0.000031 187
0.000512 256
0.000034 247
0.000324 256
0.000043 122
0.000048 256
0.000020 96
0.000224 53
0.000077 55
0.000080 584
0.000054 104
0.000041 256
0.000026 96
0.000439 256
0.000026 256
0.000017 221
0.000046 55
0.000065 302
0.000069 165
0.000058 236
0.000274 539
0.000056 167
0.000022 233
0.001133 63
0.000061 105
0.000024 63
0.000061 191
0.000246 105
0.000030 63
0.000226 256
0.000062 30
0.000040 57
0.000046 54
0.000050 106
0.000066 63
0.000085 57
0.000680 133
0.000107 173
0.000074 180
0.000069 707
0.000074 253
0.000041 123
0.000057 306
0.000282 196
0.000045 72
0.000272 256
0.000039 256
0.000051 256
0.000038 306
0.000305 256
0.000027 256
0.000017 256
0.000016 142
0.000059 256
0.000017 256
0.000030 256
0.000029 256
0.000043 56
0.000025 140
0.000052 147
0.000055 82
0.000269 534
0.000085 256
0.000048 360
0.000223 137
0.000286 688
0.000081 118
0.000071 177
0.000039 256
0.000017 256
0.000016 15
0.000022 125
0.000211 124
0.000065 205
0.000351 532
0.000071 482
0.000330 967
0.000060 256
0.000083 256
0.000119 256
0.000047 256
0.000048 1280
0.000042 29
0.000047 256
0.000019 256
0.000048 86
0.000143 256
0.000051 256
0.000042 172
0.000126 733
0.000082 134
0.000047 139
0.000070 256
0.000087 811
0.000071 711
0.000048 256
0.000052 256
0.000040 256
0.000063 256
0.000041 256
0.000078 256
0.000096 256
0.000019 256
0.000017 256
0.000016 256
0.000016 256
0.000019 8
0.000034 256
0.000027 83
0.000314 205
0.000081 256
0.000042 231
0.000218 134
0.000082 148
0.000052 74
0.000025 73
0.000044 129
0.000052 131
0.000105 92
0.000461 135
0.000214 256
0.000050 256
0.000058 256
0.000045 23
0.000081 746
0.000298 184
0.000061 140
0.000204 256
0.000042 256
0.000024 256
0.000038 169
0.000046 256
0.000024 256
0.000018 42
0.000057 197
0.000070 117
0.000075 256
0.000046 256
0.000052 88
0.004939 256
0.000338 256
0.000050 256
0.000021 256
0.000019 256
0.000035 256
0.000042 512
0.000023 256
0.000018 256
0.000019 256
0.000019 256
0.000019 256
0.000018 256
0.000044 511
0.000242 256
0.000061 1792
0.000024 256
0.000020 256
0.000019 256
0.000019 256
0.000018 256
0.000040 767
0.000212 256
0.000064 768
0.000042 1280
0.000031 256
0.000019 256
0.000037 256
0.000050 768
0.000056 255
0.000199 256
0.000077 1280
0.000059 1536
0.000044 1023
0.000092 256
0.000017 256
0.000036 256
0.000030 256
0.000045 256
0.000042 275
0.000082 984
0.000024 49
0.000244 672
0.000088 876
0.000073 263
0.000099 127
0.000047 203
0.000042 60
0.000047 263
0.000200 256
0.000050 256
0.000076 770
0.000060 182
0.002268 184
0.000596 1389
0.000206 1536
0.000064 1228
0.000126 512
0.000058 256
0.000046 256
0.000053 345
0.000104 1133
0.000058 256
0.000019 256
0.000039 218
0.000071 256
0.000045 156
0.000025 224
0.000058 256
0.000063 243
0.000057 256
0.000073 541
0.000056 256
0.000072 534
0.000241 256
0.000125 1280
0.000030 505
0.000047 256
0.000019 256
0.000018 84
0.000254 256
0.000050 12
0.000064 274
0.000073 63
0.000224 143
0.000104 206
0.000065 295
0.000101 134
0.000098 65
0.000073 132
0.000064 200
0.000036 198
0.000045 197
0.000066 84
0.000059 135
0.000060 75
0.000058 196
0.000111 139
0.000065 256
0.000045 65
0.000037 256
0.000027 14
0.000020 93
0.000368 81
0.000305 256
0.000088 672
0.000096 256
0.000039 256
0.000049 256
0.000048 102
0.000145 1253
0.000245 256
0.000095 256
0.000058 256
0.000070 663
0.000089 560
0.000083 256
0.000116 532
0.000056 256
0.000085 256
0.000054 256
0.000050 256
0.000022 126
0.000175 41
0.000132 46
0.000105 39
0.000246 245
0.000060 110
0.000077 198
0.000222 231
0.000065 42
0.000044 34
0.000029 143
0.000148 147
0.000682 256
0.000084 612
0.000042 141
0.000057 208
0.000134 256
0.000075 256
0.000068 370
0.000071 256
0.000063 319
0.000075 123
0.000050 365
0.000083 191
0.000046 256
0.000040 100
0.000058 187
0.000053 33
0.000053 256
0.000044 105
0.000045 139
0.000039 74
0.000043 213
0.000054 205
0.000043 93
0.000048 157
0.000035 160
0.000021 44
0.000061 74
0.000069 106
0.000057 29
0.000041 135
0.000044 74
0.000038 71
0.000047 137
0.000054 157
0.000097 256
0.000101 256
0.000046 301
0.000066 256
0.000044 256
0.000110 256
0.000076 720
0.000050 131
0.000069 190
0.000038 71
0.000058 38
0.000040 114
0.000202 114
0.000192 157
0.000067 74
0.000031 31
0.000054 100
0.000047 38
0.000045 122
0.000047 41
0.000056 48
0.000021 93
0.000046 92
0.000265 100
0.000067 177
0.000095 227
0.000051 67
0.000084 79
0.000052 85
0.000058 169
0.000052 75
0.000071 109
0.000069 220
0.000089 218
0.000093 151
0.000051 61
0.000039 216
0.000020 30
0.000182 256
0.000113 212
0.000055 37
0.000062 224
0.000237 122
0.000361 251
0.000052 72
0.000101 256
0.000078 787
0.000074 320
0.000073 426
0.000077 190
0.000044 76
0.000058 256
0.000039 113
0.000058 158
0.000061 426
0.000232 256
0.000071 129
0.000083 239
0.000084 521
0.000106 192
0.000064 235
0.000110 512
0.000052 132
0.000079 276
0.000100 146
0.000044 32
0.000042 36
0.000068 72
0.000038 37
0.000078 178
0.000049 40
0.000030 178
0.000056 111
0.000023 75
0.000049 34
0.000099 117
0.000061 76
0.000197 185
0.000091 148
0.000073 38
0.000359 256
0.000067 238
0.000071 74
0.000051 369
0.000076 110
0.000057 198
0.000050 102
0.000065 151
0.000056 180
0.000051 33
0.000107 147
0.000060 79
0.000018 154
0.000044 40
0.000026 158
0.000126 301
0.000060 211
0.000033 39
0.000219 256
0.000050 352
0.000063 234
0.000044 41
0.000021 37
0.000019 40
0.000049 34
0.000075 117
0.000075 66
0.000057 72
0.000072 39
0.000054 146
0.000063 222
0.000022 76
0.000046 79
0.000026 153
0.000061 156
0.000020 37
0.000154 76
0.000829 256
0.000060 256
0.000045 14
0.000062 256
0.000038 256
0.000058 339
0.000078 163
0.000057 206
0.000070 30
0.000134 256
0.000060 256
0.000033 256
0.000043 67
0.000074 256
0.000043 256
0.000069 256
0.000050 231
0.000062 176
0.000045 216
0.000051 142
0.000068 218
0.000044 116
0.000035 186
0.000042 49
0.000052 221
0.000050 178
0.000084 288
0.000056 66
0.000070 171
0.000045 112
0.000044 256
0.000069 193
0.000042 167
0.000072 256
0.000065 256
0.000048 256
0.000054 226
0.000040 154
0.000043 48
0.000037 186
0.000038 34
0.000043 155
0.000052 233
0.000315 103
0.000081 44
0.000098 50
0.003056 1792
0.000077 1037
0.000310 768
0.000062 1280
0.000088 1280
0.000056 245
0.000091 1049
0.000084 256
0.000046 256
0.000039 245
0.000044 121
0.000066 161
0.000055 256
0.000055 394
0.000259 256
0.000043 256
0.000021 55
0.000231 699
0.000080 771
0.000055 256
0.000027 256
0.000016 56
0.000071 256
0.000042 83
0.000061 256
0.000046 256
0.000073 256
0.000093 256
0.000093 800
0.000045 172
0.000293 232
0.000072 156
0.000071 220
0.000138 256
0.000050 256
0.000024 256
0.000049 3
0.000069 61
0.000067 256
0.000158 256
0.000134 1024
0.000046 161
0.000045 244
0.000082 100
0.000081 256
0.000024 27
0.000026 32
0.000520 53
0.000072 123
0.000086 187
0.000045 139
0.000060 145
0.000204 146
0.000055 81
0.000026 81
0.000036 127
0.000037 119
0.000300 195
0.000613 768
0.000050 402
0.000061 498
0.001158 68
0.000056 62
0.000025 53
0.002830 1280
0.000073 1536
0.000025 157
0.000443 768
0.000066 768
0.000087 1280
0.000054 644
0.000176 768
0.000027 256
0.000022 256
0.000035 256
0.000050 420
0.000105 410
0.000859 256
0.000106 543
0.000169 1024
0.000057 373
0.000148 1024
0.000046 244
0.000178 1280
0.000069 319
0.000107 871
0.000141 256
0.000112 1005
0.000108 69
0.000115 907
0.000111 725
0.000077 256
0.000060 182
0.000106 256
0.000140 844
0.000086 256
0.000054 256
0.000139 256
0.000055 256
0.000081 93
0.000115 256
0.000140 572
0.000135 256
0.000055 256
0.000082 256
0.000050 256
0.000053 74
0.000096 256
0.000053 256
0.000088 269
0.000082 156
0.000137 223
0.000086 212
0.000071 256
0.000063 232
0.000091 148
0.000111 256
0.000053 256
0.000053 256
0.000051 256
0.000055 149
0.000381 768
0.000066 256
0.000040 256
0.000047 617
0.000209 768
0.000050 1280
0.000050 1280
0.000021 256
0.000017 256
0.000017 255
0.000134 256
0.000022 256
0.000018 256
0.000019 256
0.000019 256
0.000018 256
0.000019 256
0.000027 256
0.000019 256
0.000018 100
0.000346 256
0.000063 256
0.000054 588
0.000123 256
0.000057 256
0.000063 256
0.000052 256
0.000087 256
0.000027 256
0.000019 256
0.000033 256
0.000054 41
0.000132 768
0.000062 1235
0.000107 768
0.000052 256
0.000042 256
0.000047 166
0.000197 256
0.000043 256
0.000027 256
0.000050 645
0.000172 1280
0.000048 512
0.000044 694
0.000119 1192
0.000082 256
0.000062 256
0.000087 256
0.000040 371
0.000056 256
0.000039 323
0.000044 141
0.000065 256
0.000152 256
0.000056 256
0.000057 409
0.000078 962
0.000069 256
0.000045 512
0.000043 108
0.000088 167
0.000186 256
0.000062 256
0.000057 639
0.000059 431
0.000040 143
0.000269 256
0.000027 47
0.000159 212
0.000034 135
0.000078 256
0.000043 91
0.000057 256
0.000032 315
0.000055 79
0.000044 256
0.000042 266
0.000072 106
0.000065 600
0.000048 126
0.000087 82
0.000082 254
0.000101 222
0.000088 71
0.000062 39
0.003433 48
0.003461 121
0.001960 762
0.004036 1280
0.000037 256
0.000033 256
0.000052 994
0.000063 256
0.000070 269
0.000126 50
0.000203 173
0.000120 223
0.000102 60
0.000077 88
0.000049 33
0.000029 166
0.000041 35
0.000038 34
0.000223 31
0.000173 77
0.000197 139
0.000166 48
0.000192 45
0.000077 46
0.000326 46
0.000194 171
0.000103 72
0.000052 69
0.000022 136
0.000261 57
0.000154 38
0.000122 173
0.000218 96
0.000082 143
0.000250 237
0.000117 57
0.000027 136
0.000043 178
0.000157 256
0.000075 169
0.000054 193
0.000038 53
0.000076 197
0.000025 47
0.000071 45
0.000285 113
0.000251 311
0.000095 30
0.000228 256
0.000058 256
0.000057 256
0.000054 256
0.000053 256
0.000034 256
0.000029 115
0.000097 361
0.000156 218
0.000256 621
0.000036 56
0.000066 132
0.000183 159
0.000050 161
0.000071 81
0.000047 317
0.000074 74
0.000171 131
0.000081 62
0.000081 74
0.000044 34
0.000192 59
0.000184 55
0.000215 223
0.000060 161
0.000265 110
0.000343 55
0.000082 55
0.000067 55
0.000201 117
0.000103 55
0.000077 64
0.000188 108
0.000783 345
0.000059 102
0.000074 113
0.000068 163
0.000057 147
0.000105 137
0.000024 48
0.000160 176
0.000061 147
0.000068 178
0.000039 36
0.000047 53
0.000203 262
0.000055 86
0.000119 43
0.000076 47
0.000056 256
0.000063 158
0.000076 78
0.000087 119
0.000056 142
0.000065 256
0.000035 206
0.000020 35
0.000047 107
0.000036 84
0.000046 39
0.000039 53
0.000149 110
0.000055 106
0.000051 49
0.000053 132
0.000033 50
0.000050 55
0.000048 43
0.000144 262
0.000024 75
0.000024 53
0.000213 201
0.000063 189
0.000022 46
0.000051 116
0.000033 67
0.000108 46
0.000301 134
0.000193 31
0.000136 59
0.000046 86
0.000143 83
0.000040 42
0.000162 192
0.000076 87
0.000246 249
0.000111 118
0.000086 39
0.000099 105
0.000094 50
0.000063 99
0.000072 58
0.000058 156
0.000022 33
0.000052 92
0.000076 102
0.000141 59
0.000054 34
0.000060 125
0.000047 134
0.000037 26
0.000033 45
0.000032 31
0.000052 229
0.000033 42
0.000021 49
0.000033 95
0.000039 95
0.000022 41
0.000054 101
0.000064 40
0.000050 88
0.000062 80
0.000058 50
0.000021 44
0.000052 46
0.000074 150
0.000094 256
0.000043 8
0.000029 131
0.000058 168
0.000029 107
0.000046 103
0.000065 98
0.000050 47
0.000048 49
0.000023 53
0.000033 44
0.000034 104
0.000092 90
0.000037 106
0.000036 113
0.000083 208
0.000070 89
0.000052 192
0.000208 205
0.000100 121
0.000063 171
0.000047 133
0.000023 37
0.000048 67
0.000057 168
0.000026 120
0.000044 56
0.000043 50
0.000042 57
0.000042 59
0.000066 119
0.000080 50
0.000062 198
0.000038 145
0.000066 54
0.000084 83
0.000091 153
0.000067 49
0.000068 99
0.000063 52
0.000056 58
0.000040 50
0.000049 124
0.000055 139
0.000037 91
0.000048 44
0.000051 325
0.000073 154
0.000080 80
0.000060 131
0.000229 128
0.000051 50
0.000015 117
0.000046 56
0.000035 98
0.000068 152
0.000068 54
0.000056 44
0.000046 91
0.000086 50
0.000056 36
0.000042 208
0.000082 97
0.000063 52
0.000330 256
0.000042 153
0.000037 115
0.000036 60
0.000046 98
0.000071 50
0.000061 84
0.000073 40
0.000045 49
0.000043 43
0.000023 53
0.000051 65
0.000048 190
0.000049 60
0.000069 44
0.000063 152
0.000092 171
0.000052 144
0.000052 80
0.000029 45
0.000049 83
0.000091 55
0.000084 39
0.000071 91
0.000184 212
0.000046 49
0.000053 97
0.000074 38
0.000039 56
0.000093 40
0.000041 48
0.000055 49
0.000273 224
0.000083 52
0.000048 97
0.000063 126
0.000036 48
0.000146 173
0.000066 146
0.000048 38
0.000066 52
0.000103 75
0.000078 145
0.000064 173
0.000043 159
0.000049 87
0.000100 35
0.000080 110
0.000061 111
0.000089 40
0.000211 247
0.000255 178
0.000083 163
0.000040 39
0.000063 57
0.000040 79
0.000030 54
0.000175 38
0.000081 200
0.000042 157
0.000073 43
0.000047 139
0.000023 47
0.000063 86
0.000112 96
0.000060 116
0.000025 92
0.000081 256
0.000045 126
0.000054 116
0.000024 48
0.000057 86
0.000025 93
0.000036 44
0.000037 79
0.000035 34
0.000064 51
0.000054 89
0.000061 143
0.000081 93
0.000040 106
0.000061 46
0.000061 140
0.000158 54
0.000030 54
0.002076 1280
0.000023 256
0.000038 256
0.000042 177
0.000113 1280
0.000033 256
0.000016 128
0.000028 252
0.000041 45
0.000172 130
0.000104 155
0.000112 356
0.000142 123
0.000096 71
0.000044 112
0.000085 63
0.000032 106
0.000060 94
0.000063 96
0.000244 86
0.000051 45
0.000256 140
0.000059 139
0.000077 87
0.000066 198
0.000035 82
0.000045 160
0.000050 46
0.000200 249
0.000065 78
0.000040 35
0.000032 90
0.000024 47
0.000022 47
0.000053 114
0.000078 98
0.000080 114
0.000192 219
0.000091 186
0.000069 95
0.000076 81
0.000068 94
0.000058 84
0.000089 94
0.000069 88
0.000170 61
0.000054 162
0.000209 256
0.000026 61
0.002583 256
0.000093 1380
0.000100 986
0.000056 245
0.000049 54
0.000074 317
0.000049 44
0.000091 51
0.000270 243
0.000065 141
0.000099 29
0.000089 47
0.000030 43
0.000071 96
0.000103 174
0.000085 52
0.000077 136
0.000256 155
0.000128 134
0.000110 50
0.000038 85
0.000067 50
0.000078 177
0.000048 169
0.000164 200
0.000083 104
0.000063 134
0.000196 140
0.000089 85
0.000081 33
0.000070 49
0.000045 44
0.000071 50
0.000064 35
0.000046 143
0.000159 129
0.000060 104
0.000064 53
0.000058 192
0.000054 103
0.000051 111
0.000081 119
0.000047 113
0.000052 121
0.000075 344
0.000060 52
0.000042 163
0.000095 86
0.000048 97
0.000065 155
0.000070 140
0.000072 62
0.000051 56
0.000215 86
0.000085 40
0.000117 99
0.000217 57
0.000095 128
0.000046 92
0.000072 203
0.000045 101
0.000034 38
0.000025 92
0.000182 247
0.000081 232
0.000025 43
0.000039 48
0.000080 98
0.000031 35
0.000028 51
0.000052 89
0.000048 112
0.000190 93
0.000080 162
0.000089 96
0.000060 138
0.000073 85
0.000054 112
0.000063 53
0.000079 43
0.000056 234
0.000070 98
0.000033 73
0.000020 49
0.000047 47
0.000020 57
0.000068 78
0.000099 112
0.000082 185
0.000056 191
0.000055 93
0.000023 40
0.000050 85
0.000048 124
0.000018 30
0.000018 2
0.000174 253
0.000060 57
0.000067 137
0.000069 124
0.000026 58
0.000166 143
0.000030 56
0.000053 100
0.000043 45
0.000076 84
0.000051 122
0.000042 38
0.000035 49
0.000022 42
0.000045 90
0.000075 104
0.000043 116
0.000100 61
0.000205 93
0.000067 77
0.000047 147
0.000064 45
0.000050 37
0.000039 83
0.000035 47
0.000040 122
0.000077 49
0.000039 98
0.000062 91
0.000070 175
0.000051 55
0.000068 116
0.000075 96
0.000067 83
0.000073 141
0.000060 181
0.000123 78
0.000081 55
0.000030 45
0.000170 219
0.000044 60
0.000062 108
0.000070 101
0.000076 158
0.000072 35
0.000074 103
0.000059 84
0.000059 58
0.000035 50
0.000029 49
0.000063 146
0.000071 124
0.000081 139
0.000038 41
0.000052 84
0.000077 44
0.000073 159
0.000078 53
0.000115 52
0.000058 134
0.000040 151
0.000208 230
0.000052 192
0.000051 84
0.000183 143
0.000104 197
0.000026 47
0.000062 48
0.000049 57
0.000202 319
0.000225 262
0.000037 42
0.000044 45
0.000085 207
0.000084 144
0.000080 42
0.000059 97
0.000030 63
0.000058 112
0.000062 45
0.000089 128
0.000084 79
0.000053 96
0.000045 109
0.000060 78
0.000063 33
0.000062 27
0.000021 45
0.000094 153
0.000084 327
0.000075 53
0.000058 30
0.000063 61
0.000029 43
0.000025 112
0.000036 48
0.000057 98
0.000060 97
0.000063 158
0.000061 97
0.000095 80
0.000076 117
0.000045 93
0.000038 154
0.000064 101
0.000027 104
0.000210 149
0.000206 100
0.000152 65
0.000185 256
0.000043 256
0.000018 256
0.000040 40
0.000178 440
0.000207 65
0.000220 160
0.000239 188
0.000050 67
0.000032 178
0.000049 181
0.000027 63
0.000097 311
0.000243 248
0.000284 546
0.000046 68
0.000039 125
0.000052 256
0.000059 256
0.000040 256
0.000038 161
0.000051 190
0.000071 243
0.000051 111
0.000079 363
0.000120 170
0.000090 630
0.000070 193
0.000073 256
0.000019 256
0.000016 256
0.000015 36
0.000068 246
0.000057 174
0.000086 204
0.000044 284
0.000074 287
0.000080 311
0.000072 112
0.000053 116
0.000069 256
0.000056 121
0.000043 216
0.000051 117
0.000030 59
0.000070 59
0.000050 127
0.000084 50
0.000342 177
0.000102 123
0.000098 117
0.000253 122
0.000086 66
0.000041 61
0.000274 78
0.000031 34
0.000199 123
0.000136 81
0.000062 254
0.000188 248
0.000047 44
0.000046 44
0.000057 131
0.000046 220
0.000057 92
0.000069 269
0.000035 47
0.000240 256
0.000059 191
0.000053 90
0.000153 40
0.000202 188
0.000082 127
0.000043 93
0.000036 230
0.000061 255
0.000050 108
0.000070 418
0.000059 44
0.000063 342
0.003826 256
0.000058 1280
0.000034 256
0.000019 256
0.000036 256
0.000019 256
0.000019 256
0.000019 256
0.000019 256
0.000020 256
0.000019 231
0.000135 256
0.000049 256
0.000021 256
0.000018 256
0.000019 256
0.000019 256
0.000019 256
0.000019 256
0.000018 91
0.000022 60
0.000068 50
0.000181 46
0.000250 49
0.000403 46
0.000465 182
0.000038 134
0.000937 41
0.000082 41
0.000355 44
0.000465 49
0.000277 53
0.000272 45
0.000272 55
0.000271 47
0.000299 51
0.000421 46
0.000270 52
0.000427 54
0.000297 48
0.000240 51
0.000071 146
0.000041 69
0.000024 75
0.000187 46
0.000281 51
0.000226 50
0.000247 55
0.000245 117
0.000053 206
0.000049 163
0.000059 78
0.000083 208
0.000043 216
0.000048 39
0.000060 55
0.000082 86
0.000037 30
0.000068 49
0.000256 32
0.000036 100
0.000053 149
0.000022 54
0.000055 38
0.000138 64
0.000043 70
0.000033 30
0.000020 29
0.000065 160
0.000039 62
0.000031 33
0.000086 34
0.000035 83
0.000056 78
0.000100 33
0.000073 110
0.000156 83
0.000040 49
0.000049 256
0.000042 256
0.000022 187
0.000328 96
0.000044 98
0.000057 62
0.000019 2
0.000029 37
0.000020 32
0.000036 34
0.000085 36
0.000033 47
0.000125 65
0.000105 35
0.000284 256
0.000037 256
0.000021 140
0.000035 256
0.000032 65
0.000107 92
0.000050 37
0.000040 39
0.000051 86
0.000058 42
0.000053 50
0.000246 119
0.000106 99
0.000054 115
0.000103 174
0.000045 120
0.000066 57
0.000045 115
0.000043 61
0.000055 256
0.000029 256
0.000043 145
0.000065 256
0.000104 450
0.000067 256
0.000028 32
0.000081 253
0.000126 256
0.000039 138
0.000044 187
0.000046 224
0.000093 106
0.000119 165
0.000057 222
0.000061 109
0.000089 309
0.000039 122
0.000031 62
0.000064 256
0.000025 231
0.000078 52
0.000385 256
0.000022 246
0.000085 154
0.000040 51
0.000212 40
0.000080 249
0.000040 38
0.000047 256
0.000045 238
0.000071 165
0.000047 256
0.000028 231
0.000022 88
0.000054 92
0.000055 143
0.000060 169
0.000071 189
0.000070 426
0.000258 37
0.000112 35
0.000134 65
0.000021 64
0.000017 2
0.000047 39
0.000046 37
0.000057 43
0.000022 44
0.000097 203
0.000054 223
0.000072 58
0.000103 36
0.000442 188
0.000044 96
0.000052 335
0.000076 141
0.000037 47
0.000048 183
0.000051 256
0.000049 220
0.000043 195
0.000029 184
0.000038 49
0.000048 274
0.000073 48
0.000072 512
0.000041 8
0.000033 193
0.000083 239
0.000032 46
0.000049 141
0.000062 47
0.000057 251
0.000047 256
0.000030 218
0.000038 48
0.000097 193
0.000074 256
0.000096 314
0.000105 282
0.000099 48
0.000086 94
0.001446 256
0.000031 256
0.000018 8
0.000418 43
0.000236 80
0.000037 48
0.000067 58
0.000053 58
0.000060 256
0.000042 256
0.000017 10
0.000134 47
0.000072 86
0.000093 31
0.000053 114
0.000074 101
0.000042 54
0.000023 2
0.000409 196
0.000223 47
0.000033 42
0.000696 47
0.000030 147
0.000043 49
0.000046 51
0.000021 96
0.000679 196
0.000211 49
0.000047 96
0.000302 49
0.000042 147
0.000204 96
0.000055 42
0.000020 54
0.000037 147
0.000562 147
0.000514 196
0.000467 196
0.000031 196
0.000130 49
0.000043 147
0.000659 256
0.000044 235
0.000063 256
0.000028 199
0.000068 144
0.001666 1280
0.000380 256
0.000026 256
0.000034 256
0.000083 1280
0.000059 171
0.000246 1280
0.000051 768
0.000041 1280
0.000042 256
0.000019 256
0.000037 255
0.000095 256
0.000018 256
0.000022 256
0.000017 256
0.000017 256
0.000016 158
0.000050 196
0.000022 96
0.000866 196
0.001751 196
0.001923 194
0.000262 142
0.000026 54
0.001269 47
0.000299 96
0.000629 196
0.000647 196
0.000457 196
0.000278 181
0.000691 147
0.000107 49
0.000039 147
0.000346 208
0.000646 147
0.000548 256
0.000026 12
0.000462 196
0.000649 196
0.000257 196
0.000462 84
0.000105 190
0.000107 128
0.000148 256
0.000139 256
0.000049 1041
0.000094 256
0.000040 256
0.000019 256
0.000034 256
0.000021 2
0.000060 413
0.000164 40
0.000078 82
0.000083 47
0.000058 88
0.000123 48
0.000091 81
0.000079 115
0.000031 37
0.000053 126
0.000072 58
0.000098 46
0.000023 39
0.000052 72
0.000039 38
0.000026 155
0.000033 39
0.000057 44
0.000151 33
0.000037 68
0.000046 137
0.000190 59
0.000044 185
0.000047 136
0.000160 41
0.000033 47
0.000086 92
0.000042 49
0.000079 45
0.000103 53
0.000243 43
0.000065 180
0.000022 45
0.000104 45
0.000180 90
0.000051 90
0.000079 50
0.000042 53
0.000070 94
0.000045 47
0.000104 256
0.000043 256
0.000041 256
0.000030 141
0.000061 49
0.000197 44
0.000052 45
0.000041 49
0.000047 91
0.000039 186
0.000063 135
0.000035 91
0.000031 44
0.000085 48
0.000087 88
0.000136 107
0.000061 53
0.000057 53
0.000023 104
0.000035 2
0.000117 56
0.000187 87
0.000082 47
0.000023 99
0.000045 121
0.000046 133
0.000057 43
0.000019 37
0.000017 2
0.000073 135
0.000029 44
0.000048 50
0.000824 48
0.000209 51
0.000155 55
0.000130 58
0.000041 52
0.000022 49
0.000139 58
0.000111 51
0.000036 58
0.000140 51
0.000021 54
0.000203 47
0.000065 99
0.000136 56
0.000048 51
0.000048 51
0.000098 57
0.000046 58
0.000445 52
0.000044 51
0.000265 48
0.000104 58
0.000198 106
0.000133 51
0.000074 49
0.000157 106
0.000065 57
0.000413 105
0.000095 54
0.000031 56
0.000182 159
0.000046 51
0.000055 57
0.000147 51
0.000091 94
0.000281 51
0.000051 51
0.000048 47
0.000078 51
0.000024 52
0.000034 51
0.000133 56
0.000304 51
0.000052 109
0.000098 115
0.000264 157
0.000055 47
0.000218 35
0.000037 75
0.000522 81
0.000707 50
0.000190 90
0.000161 36
0.000157 32
0.000032 46
0.000063 93
0.000174 146
0.000065 53
0.000084 49
0.000054 102
0.000260 43
0.000084 93
0.000090 93
0.000750 144
0.000988 245
0.000066 50
0.000204 37
0.001966 177
0.000062 55
0.000037 39
0.000024 82
0.000037 38
0.000045 35
0.000469 38
0.000254 180
0.000066 26
0.000096 137
0.000060 215
0.000039 34
0.000273 76
0.000237 122
0.000056 184
0.000024 118
0.000061 178
0.000057 191
0.000027 40
0.000031 81
0.000082 298
0.000096 126
0.000255 180
0.000234 46
0.000477 256
0.000028 123
0.000022 48
0.000035 49
0.000279 247
0.000081 256
0.000022 256
0.000022 210
0.000146 234
0.000203 256
0.000060 268
0.000057 75
0.000200 208
0.000091 179
0.000157 703
0.000117 174
0.000111 256
0.002233 256
0.000275 1024
0.000072 996
0.000129 1511
0.000063 174
0.000102 81
0.000054 256
0.000081 523
0.000091 363
0.000076 256
0.000030 256
0.000066 21
0.000036 256
0.000035 12
0.000034 256
0.000024 93
0.000247 256
0.000033 73
0.000296 251
0.000160 256
0.000064 156
0.000094 256
0.000045 616
0.000057 437
0.000255 74
0.000090 169
0.000087 256
0.000030 256
0.000028 93
0.000352 427
0.000189 256
0.000073 228
0.000081 68
0.000208 213
0.000120 210
0.000095 57
0.000202 23
0.000614 38
0.034990 251
0.000115 107
0.000043 52
0.000037 102
0.000038 151
0.000210 394
0.000063 42
0.000099 197
0.000060 196
0.000250 89
0.000196 161
0.000049 93
0.000281 34
0.000232 256
0.000103 23
0.000056 105
0.000261 77
0.000077 81
0.000074 388
0.000211 141
0.000071 83
0.000337 163
0.000236 68
0.000057 178
0.000179 256
0.000028 256
0.000032 166
0.000072 171
0.000039 68
0.000030 197
0.000242 256
0.000082 256
0.000034 256
0.000018 16
0.000058 218
0.000078 72
0.000069 112
0.000101 54
0.000126 75
0.000259 223
0.000259 334
0.000124 72
0.000085 213
0.000127 905
0.000195 82
0.000110 70
0.000130 53
0.000051 240
0.000165 214
0.000166 195
0.000190 256
0.000054 256
0.000029 28
0.000062 142
0.000078 53
0.000263 156
0.000105 133
0.000198 206
0.000203 99
0.000274 288
0.000117 54
0.000274 534
0.000320 232
0.000240 162
0.000125 357
0.000303 149
0.000035 62
0.000250 256
0.000027 50
0.000189 209
0.000069 118
0.000099 63
0.000306 211
0.000054 51
0.000231 221
0.000480 174
0.000058 191
0.000063 106
0.000032 2
0.000068 104
0.000269 361
0.000059 72
0.000078 345
0.000043 85
0.000025 60
0.000216 81
0.000086 55
0.000094 316
0.000061 83
0.000045 240
0.000069 150
0.000105 141
0.000621 575
0.001301 1280
0.000036 256
0.000045 256
0.000043 1115
0.000056 347
0.000199 95
0.000244 72
0.000113 403
0.000182 208
0.000121 341
0.000242 73
0.000275 104
0.000243 146
0.000276 300
0.000182 199
0.000302 140
0.000066 145
0.000052 135
0.000046 70
0.000070 100
0.000055 115
0.001811 104
0.000270 151
0.000192 79
0.000067 86
0.000082 246
0.000026 49
0.000044 92
0.000441 84
0.001804 34
0.001327 135
0.000172 63
0.000377 129
0.000083 95
0.000036 104
0.000225 188
0.000243 256
0.000030 151
0.000707 106
0.000056 194
0.000746 256
0.000030 242
0.000241 256
0.000162 1280
0.000025 227
0.000092 256
0.000027 256
0.000019 215
0.000026 187
0.000199 102
0.000327 232
0.000080 63
0.000029 66
0.000211 256
0.000090 347
0.000090 416
0.000150 196
0.000054 121
0.000179 62
0.000248 177
0.000078 178
0.000047 177
0.000096 174
0.000080 117
0.000041 57
0.000237 61
0.000081 114
0.000079 100
0.001225 256
0.000148 256
0.000263 430
0.000633 50
0.002095 233
0.000077 53
0.000043 159
0.000074 51
0.000081 114
0.000099 116
0.000025 45
0.000926 49
0.000064 39
0.000070 147
0.000041 148
0.000083 256
0.000064 267
0.000085 383
0.000358 340
0.000096 256
0.000079 280
0.000070 127
0.000050 141
0.000044 256
0.000051 227
0.000100 211
0.000122 256
0.000020 256
0.000031 238
0.000080 256
0.000022 256
0.000019 256
0.000029 29
0.000027 64
0.000241 107
0.000056 32
0.000232 160
0.000082 172
0.000534 400
0.000287 213
0.000036 107
0.000069 217
0.000018 52
0.000045 242
0.000232 256
0.000051 98
0.000087 134
0.000247 32
0.002476 81
1.601175 27
0.495130 30
1.315140 57
0.052522 42
0.086146 35
0.040040 51
0.068512 32
0.260613 23
0.038066 48
0.022659 35
0.031775 39
0.024938 57
0.370035 30
10.516651 27
21.340140 4
0.501238 4
0.028955 4
0.031630 4
0.027752 4
0.032780 4
0.027212 4
0.030918 4
0.030769 4
0.028805 4
0.030793 4
0.030855 4
0.029242 4
0.029050 4
0.030245 4
0.029885 4
0.029648 4
0.031177 4
0.028276 4
0.030512 4
0.031325 4
0.029330 4
0.029879 4
0.029959 4
0.030717 4
0.029945 4
0.030992 4
0.131268 10
0.301814 30
0.706505 70
1.111615 33
0.007887 45
0.000906 148
2.098433 1
0.232115 1
0.378536 1
0.161911 1
0.165274 1
0.706583 1
0.831301 1
0.193314 1
0.136361 1
1.302717 11
0.002140 229
0.000274 148
69.022002 1
0.270196 1
0.273154 1
0.205835 1
0.157143 1
0.234884 1
0.529217 1
1.217156 1
0.143599 1
2.228127 11
0.000493 59
0.001490 1618
2.386521 30
1.517312 150
0.317537 1
0.194123 1
0.191723 1
0.178099 1
0.225373 8
0.001761 58
0.000710 148
29.174880 1
0.165844 1
0.590077 1
0.381295 6
0.933888 1
0.567162 4
0.798997 11
0.002566 40
0.001033 40
0.001036 40
0.001043 40
0.000652 40
0.000647 40
0.000626 40
0.000615 40
0.000631 40
0.000686 41
0.000388 148
3.678817 17
