0.010611 148
12.283491 41
1.780577 181
0.003798 148
26.192512 1
0.126657 1
0.721305 11
0.000806 63
0.000261 148
46.015224 21
3.943925 35
0.001224 148
7.642257 1
0.093198 1
0.757196 11
0.001245 87
0.000399 148
31.943075 33
4.063636 59
0.001663 148
132.042309 1
0.100335 1
0.567809 1
0.189242 1
0.705281 1
0.412473 11
0.001950 104
0.000703 148
32.972853 26
1.765165 45
0.009339 148
10.093037 1
0.160432 1
0.397134 1
0.285432 1
0.448644 1
0.509257 11
0.001373 71
0.000189 148
48.309214 27
3.426604 47
0.001936 176
27.003971 17
