0.019743 148
7.538586 1
0.205165 1
0.849068 1
0.327590 1
0.366562 1
0.231301 1
0.256510 1
0.141806 1
0.728331 1
0.992805 1
0.186853 4
1.502591 11
0.004015 3
2.002605 3
2.002264 3
2.002853 3
2.002701 3
2.002413 3
2.004209 3
2.003061 3
2.001895 3
0.799875 2
0.000423 2
0.002593 192
10.093929 1
1.168758 1
2.760944 1
1.603190 1
1.057487 4
0.162275 4
0.186628 4
0.190950 4
0.303078 1
6.269954 1
28.033080 1
0.172615 1
0.244993 1
0.906535 1
0.127529 6
0.805289 1
0.382458 4
15.344924 11
0.003829 20
0.000199 8
0.000034 140
63.035258 1
0.215520 1
0.251699 1
0.831840 1
0.165151 6
1.766384 1
0.166783 4
1.707588 1
0.100346 1
0.070794 1
3.231287 1
0.311564 1
0.223901 1
0.239517 1
0.199974 1
0.163004 1
2.027788 1
0.613487 1
0.078070 1
0.675819 1
0.626321 1
0.120036 1
20.930983 11
0.007613 8
0.000012 140
26.123151 1
0.148132 1
1.299210 1
0.136586 12
1.682942 11
0.004611 148
16.169871 1
0.203874 1
0.819289 1
0.203154 6
0.516559 1
0.241977 4
3.432131 1
0.558869 1
0.388195 3
1.510501 1
0.353886 1
9.145659 1
0.594657 1
0.322396 2
1.490511 4
4.694447 11
0.034774 48
0.000143 2
0.000343 26
0.000196 2
0.000131 36
0.000204 2
0.003455 76
0.003136 8
0.000215 140
42.626745 218
12.276238 1
0.379600 1
0.284124 1
0.084056 1
0.404279 2
0.000195 9
0.000132 6
