0.020899 90
2.451168 1
0.320149 1
0.110909 1
0.630485 4
0.174562 4
0.186030 4
0.757872 1
0.270724 1
0.146822 1
0.378539 1
0.441957 1
0.964580 1
0.455637 1
0.212516 1
0.090335 1
0.389093 1
3.326312 11
0.000109 90
1.322857 1
0.392269 1
0.221666 1
0.295444 1
0.116210 1
1.221008 1
0.210229 1
0.150759 1
0.498781 1
0.876277 1
0.168631 1
0.188866 1
0.167001 1
1.328609 9
1.042019 106
61.213069 19
4.079131 31
0.000063 90
0.444919 10
0.361993 20
1.157948 106
68.439349 31
1.435448 55
0.000023 8
0.000054 82
1.324146 22
0.641899 37
1.191224 24
0.000030 8
0.000098 82
18.702933 19
0.945691 31
0.000042 90
30.835995 27
1.950681 47
0.000451 8
0.000044 82
56.076370 24
22.658617 41
0.000025 7
0.000050 90
32.493864 20
0.990088 33
0.000112 90
0.434265 11
0.654336 26
0.943071 11
0.000073 7
0.000069 8
0.000016 82
22.708119 19
1.062744 121
27.048131 29
53.836799 141
170.263170 83
2.468299 143
0.500233 1
0.031028 240
0.035041 1
0.026237 1
0.029486 1
0.028120 1
0.030363 1
0.031525 1
0.030966 1
0.028997 1
0.028419 1
0.029996 1
0.030792 1
0.030594 1
0.279232 1
0.201973 1
0.196099 1
326.216545 219
0.502156 213
0.028191 197
0.030587 5
0.031876 5
0.028462 5
0.030734 5
0.029476 5
0.031000 5
0.032124 5
0.026396 5
0.031139 5
0.029774 5
0.028988 5
0.030380 5
0.029887 5
0.029664 5
0.030495 5
0.032632 5
0.031807 5
0.026613 5
0.031407 5
0.027870 5
0.030537 5
0.028909 5
0.031193 5
0.030502 5
0.029299 5
0.030018 5
0.030844 5
0.029186 5
0.030152 5
0.030689 5
0.029336 5
0.030602 5
0.029409 5
0.030051 5
0.030367 5
0.030116 1
0.032029 1
0.028139 1
0.029573 1
0.029829 1
0.031525 1
0.028176 1
0.039653 1
0.020315 1
0.030493 1
0.031439 1
0.028916 1
0.032070 1
0.268583 4
1.542414 4
0.500974 4
0.030169 4
0.030171 4
0.030586 4
0.028697 4
0.030284 4
0.030620 4
0.029124 20
0.029818 18
0.032115 16
0.029567 14
0.029821 12
0.029697 10
0.030646 8
0.031397 6
0.027872 3
0.030816 1
0.029859 1
0.030197 1
0.030581 1
0.029196 1
0.028983 1
0.031176 1
0.029238 1
0.031507 1
0.028582 1
0.030990 1
0.028988 1
0.031554 1
181.476620 1
1.896510 4
512.707386 87
40.506976 155
0.501061 4
0.030473 4
0.028828 489
0.031354 4
0.034555 4
0.024911 4
0.030084 4
0.031051 4
0.029268 4
0.030180 4
0.029744 4
0.029564 4
0.029922 4
0.031374 4
0.029507 4
0.029107 4
0.030574 4
0.030728 4
0.030079 4
0.029258 4
0.030311 4
0.030817 4
0.029416 4
0.030567 4
0.030984 4
0.027954 4
0.030569 4
0.031617 4
0.027464 4
0.031255 4
0.029443 4
0.029845 4
0.030112 4
0.030378 4
0.029654 4
0.029335 4
0.031676 4
0.029553 4
0.032541 4
0.027431 4
0.030685 4
0.029769 4
0.030750 4
0.032859 4
0.026397 4
0.029512 4
0.030398 4
0.032617 4
0.031660 4
0.026722 4
0.029280 4
0.029948 4
0.030925 4
0.029633 4
0.028131 4
0.030496 4
0.029809 1
0.030691 1
0.030352 1
0.029288 1
0.030414 1
0.030428 1
0.028898 1
0.031729 1
0.028934 1
139.860777 87
1.754389 157
0.022358 8
0.000047 82
16.571773 86
0.155928 86
0.250254 86
20.412635 17
