0.012166 90
2.199476 1
0.157803 1
0.104188 1
0.327449 1
0.129392 1
0.328368 4
0.166923 4
0.525246 1
0.097213 1
0.428470 1
0.351675 1
0.336703 1
0.142691 1
0.345755 1
0.263515 1
0.870847 1
3.219304 1
0.251763 1
0.544811 1
0.170526 1
0.195427 1
0.192969 1
0.252096 1
0.202491 1
0.176573 1
0.556503 1
0.145103 1
1.123857 11
0.011499 34
3.571052 2
0.057573 25
10.870386 2
0.001555 169
9.940512 2
0.028733 54
0.005234 90
134.547910 37
0.969909 108
0.963175 4
0.263525 1
0.340317 1
1.398526 11
0.003577 39
0.000103 90
2.201585 29
0.532916 1
0.501089 1
0.037616 1
0.023642 1
0.028088 1
0.030917 1
0.028874 1
0.030531 1
0.030314 1
0.029378 1
0.031104 1
0.030365 1
0.028999 1
0.029131 1
0.030394 1
0.031688 1
0.028769 1
0.030664 1
0.028627 1
0.029467 1
0.031742 1
0.029004 1
0.029846 1
0.030240 1
0.029891 1
0.030353 1
0.029742 1
0.029197 1
0.031203 1
0.029916 1
0.031001 1
0.029948 1
0.029461 1
0.030794 1
0.027747 1
0.884253 5
0.145218 5
0.182156 5
0.323207 5
0.119768 5
0.596022 11
0.019253 90
156.175297 27
1.158026 37
0.381093 4
0.656699 1
0.166891 1
3.242039 11
0.013550 77
0.000727 169
4.938732 1
0.206752 1
0.165469 1
0.190376 1
1.627338 1
0.089644 1
0.192387 1
12.894160 1
0.309167 1
0.682892 3
0.217348 3
0.487648 35
4.242272 1
0.323990 1
0.542494 39
4.420918 1
0.441030 1
0.406467 1
0.164696 1
0.136722 1
0.348566 41
0.984666 1
0.149421 1
0.194930 1
0.138220 1
0.137031 1
0.429666 22
4.217769 1
0.148970 1
0.198885 1
0.592558 1
0.191861 1
0.115868 1
0.189887 1
0.450564 1
0.178126 1
1.780481 2
0.008506 90
127.869022 1
0.110216 1
0.137929 1
0.205142 1
0.149968 1
1.319696 1
0.351468 1
0.230165 1
0.165960 1
0.270832 1
0.253548 1
0.254309 1
0.404352 1
0.132058 1
0.498933 1
6.013452 1
1.144160 1
0.141002 1
0.334150 1
0.250178 1
0.287690 1
0.675759 1
0.120235 1
0.637176 1
0.422815 1
0.129359 1
0.218513 1
0.211363 1
0.367808 1
0.112184 1
0.123849 1
0.630203 1
0.091594 1
2.608092 11
0.037837 90
83.553041 1
0.182994 1
0.103721 1
0.499971 1
0.663908 1
1.977301 1
0.141135 1
0.217328 1
0.181766 1
0.801350 1
0.203602 1
0.160443 1
0.956472 1
0.350061 1
0.286910 1
0.911191 1
1.028781 1
0.206791 1
0.309425 1
0.276032 1
0.162554 1
0.192946 1
0.140289 1
0.928748 1
0.181505 1
0.151358 1
0.441060 1
0.181243 1
0.130683 1
0.267865 1
0.185965 1
0.167789 1
1.437396 1
0.145424 1
0.476988 1
0.550280 1
0.136259 1
0.145603 1
0.438025 1
0.183406 1
0.148163 1
0.257220 1
0.210223 1
0.147852 1
0.472046 1
0.142364 1
1.577943 11
0.031418 8
0.000025 82
659.263775 120
3.222096 110
7.342158 11
0.029686 90
436.793801 1
0.186868 1
0.145430 1
0.377845 1
0.111223 1
0.873033 1
0.104031 1
0.228942 1
0.777097 1
0.110529 1
0.659610 1
7.483142 1
1.083712 1
0.126038 1
0.159617 1
0.785324 1
0.872831 1
0.190670 1
0.635460 1
0.207222 1
0.256270 1
0.212344 1
0.842191 1
0.601777 1
0.205586 1
0.203605 1
0.184154 1
0.252246 1
16.149363 11
0.009051 8
0.000025 82
334.772499 1
0.156365 1
0.378141 1
0.207441 1
0.211191 1
0.535787 1
0.130254 1
0.781270 1
0.354175 1
0.167794 1
0.514509 4
0.174586 4
0.755575 1
0.377515 1
0.127717 1
0.719691 1
0.288748 1
0.739831 1
0.031786 1
0.560005 1
7.621165 1
0.197963 1
0.439536 1
0.468931 1
0.131053 1
0.577982 4
0.651904 1
0.299626 7
1.773614 11
0.002873 1963
142.564669 2
0.594984 2
1.817367 1
0.436537 2
2.860172 2
0.019346 92
5.377186 36
1.504727 65
0.049270 90
1.483184 27
0.422672 57
2.095841 11
0.000691 1399
28.896774 2
1.307411 1
0.654466 2
0.348515 2
1.233262 6
0.268890 2
0.017332 2
0.000022 90
2.235164 1
0.181265 1
0.357384 1
0.140571 1
0.530115 11
0.000032 6
