0.013923 90
13.420337 1
0.180511 1
0.730759 1
2.357274 1
0.707622 4
0.785012 1
0.729318 4
4.820421 2
0.664626 23
4.980153 1
1.082299 2
0.481368 4
0.241115 4
0.176498 4
1.169851 149
3.904495 47
1.196561 77
1.079433 3
1.260004 4
0.174753 4
0.171520 4
0.152597 4
0.175883 4
0.146350 4
0.156066 4
0.131389 4
0.147088 4
0.167754 4
0.165492 4
0.708921 1
0.192901 1
1.140059 11
0.008338 8
0.002684 130
8.482773 1
0.114014 1
0.206630 1
0.151811 1
0.151155 1
1.202835 1
6.499751 1
0.190573 1
0.818422 1
1.478567 1
0.126934 1
0.109004 1
0.398463 1
0.125020 1
0.209090 1
0.112592 1
1.076096 11
0.001269 138
5.637472 1
0.235440 1
0.388068 1
0.143269 1
0.186576 17
