0.013512 90
25.227399 1
0.222421 1
0.478897 1
1.209185 2
0.871022 23
0.878939 149
7.464445 1
0.138946 1
0.439226 1
0.308112 1
0.807804 1
0.881848 1
0.378802 1
0.726102 1
0.389089 1
0.573538 1
0.206930 1
0.747565 1
0.253320 1
0.168225 1
4.723859 11
0.013319 138
16.737474 1
0.147535 1
0.397832 1
0.161092 1
0.385246 1
0.457130 4
0.534779 1
0.363999 1
0.592154 1
0.154094 1
0.575573 1
0.572474 1
0.176294 1
0.274706 1
0.274846 1
0.205092 1
0.220826 1
0.980349 11
0.007370 138
1.269961 1
0.167597 1
0.629881 1
0.476673 1
0.581886 1
0.366973 1
0.210412 1
1.049773 1
0.488954 1
0.209512 1
0.323954 1
0.361561 1
0.247359 1
0.111193 1
2.576037 11
0.009166 138
7.836467 1
0.144315 1
0.416339 1
0.713247 1
0.644276 1
0.485227 1
0.221982 1
0.690234 1
0.447502 1
0.115869 1
0.454542 1
0.331927 1
0.232381 1
0.126478 1
0.851625 11
0.007211 138
1.077671 1
0.273396 1
0.272237 1
0.209736 1
0.258735 1
0.820635 1
0.438936 1
0.196087 1
0.259959 1
0.401338 1
0.136000 1
0.312620 1
0.505808 1
0.236923 1
0.227105 1
3.563826 11
0.010396 138
171.651029 1
0.282380 1
0.280007 1
0.169088 1
0.288801 1
0.484325 1
0.625206 1
0.105002 1
0.184635 1
0.859752 11
0.005638 4
0.000024 2
0.000234 8
0.000021 130
13.153078 1
0.279862 1
0.514870 1
0.182492 1
0.236303 1
1.081504 1
0.422599 1
0.541101 1
0.155382 1
0.914129 149
1026.720784 1
0.201076 1
0.127842 1
0.288504 1
0.203924 1
0.111629 1
1.968406 1
0.120785 1
0.661956 1
0.769218 1
0.147170 1
0.222333 1
0.286436 1
0.268062 1
0.194941 1
0.670798 11
0.034633 8
0.000089 130
84.507907 1
0.183976 1
0.110622 1
0.277655 1
0.180365 1
0.291938 1
0.766000 1
0.319732 1
11.528248 1
0.329891 1
0.520114 11
0.033859 71
0.000031 2
0.000010 36
0.000082 2
0.000009 1
0.000013 1
0.000009 1
0.000011 1
0.000008 1
0.000011 1
0.000011 1
0.000011 1
0.000010 1
0.000011 1
0.000009 1
0.000010 1
0.000009 1
0.000010 1
0.000009 1
0.000011 1
0.000009 1
0.000010 1
0.000009 1
0.000010 1
0.000009 10
0.000013 6
0.000012 7
0.000009 4
0.000010 2
0.000009 1
0.000011 1
0.000008 1
0.000011 1
0.000008 1
0.000012 1
0.000008 1
0.000010 1
0.000009 1
0.000011 1
0.000008 1
0.000011 1
0.000009 1
0.000010 1
0.000008 1
0.000011 1
0.000009 1
0.000010 1
0.000009 1
0.000011 1
0.000009 10
0.000011 6
0.000008 7
0.000012 14
0.000007 2
0.000011 1
0.000008 1
0.000011 1
0.000009 1
0.000011 1
0.000008 1
0.000011 1
0.000009 1
0.000010 1
0.000009 1
0.000011 1
0.000008 1
0.000011 1
0.000009 1
0.000011 1
0.000008 1
0.000011 1
0.000009 1
0.000010 1
0.000008 1
0.000012 10
0.000009 6
0.000029 7
0.000011 15
0.000013 2
0.000009 1
0.000009 1
0.000009 1
0.000008 1
0.000009 1
0.000008 1
0.000008 1
0.000008 1
0.000009 1
0.000008 1
0.000009 1
0.000011 1
0.000008 1
0.000008 1
0.000009 1
0.000009 1
0.000010 1
0.000009 1
0.000010 1
0.000009 1
0.000042 10
0.000011 6
0.000009 7
0.000008 4
0.000010 2
0.000009 1
0.000008 1
0.000009 1
0.000008 1
0.000008 1
0.000009 1
0.000009 1
0.000010 1
0.000009 1
0.000011 1
0.000008 1
0.000011 1
0.000008 1
0.000011 1
0.000008 1
0.000011 1
0.000009 1
0.000011 1
0.000009 1
0.000010 1
0.000009 10
0.000011 6
0.000009 7
0.000011 4
0.000008 2
0.000269 8
0.000023 130
36.672971 1
0.179992 1
0.251829 1
0.229012 1
0.095703 1
0.191018 1
1.993197 1
0.381316 1
0.385051 1
0.856180 1
0.824932 1
0.780087 1
0.540593 1
0.230201 1
0.140541 1
0.237445 1
0.261436 1
0.164100 1
0.861233 1
0.247342 1
0.348589 1
0.230943 1
0.395549 1
6.097200 1
0.689266 1
0.196287 1
0.268679 1
0.351969 1
0.111924 1
0.139470 1
3.384764 1
0.736552 1
0.125910 1
0.089337 1
2.866896 4
0.197028 4
0.197050 4
0.192156 4
1.430388 11
0.007360 138
12.347552 1
0.142916 1
0.226924 1
0.283867 1
1.248848 1
0.721501 1
0.279853 1
1.349916 1
0.286128 1
0.172467 1
0.355300 1
0.210028 1
0.134889 1
0.258689 1
0.183114 1
0.131160 1
0.467501 1
0.187815 1
0.329780 1
0.192197 1
0.110567 1
1.181120 1
0.511234 1
0.160323 1
0.193510 1
0.261999 1
1.561111 11
0.328683 138
131.420588 1
0.178797 1
0.183862 1
0.166774 1
0.518262 17
