0.012952 216
6.556731 1
0.168475 1
0.481127 1
0.350362 1
0.155063 1
0.483349 201
2.871295 1
0.112542 1
0.332344 1
0.448040 1
0.469112 1
0.393401 3
0.888418 1
0.237593 3
1.369095 11
0.000083 206
89.692344 1
0.127303 1
0.425614 1
1.897593 1
0.590174 11
0.000101 90
1.916582 1
0.151277 1
0.746824 1
0.135039 1
0.150808 1
0.235451 109
0.269228 1
0.150860 1
0.297953 1
0.197369 1
0.170743 1
0.277073 101
2.117749 47
1.872830 128
0.005579 4570
0.000010 85
0.000178 1525
0.000007 61
0.000040 2
0.000393 90
338.839951 1
0.190726 1
0.506994 1
0.140701 1
0.160672 1
0.786771 1
0.483854 1
1.097406 1
1.322516 4
0.261226 1
0.637917 1
0.407568 1
7.080534 4
0.500050 4
0.030401 4
0.029819 4
0.032562 4
0.027465 4
0.030054 4
0.031202 1
0.028727 1
0.030796 1
0.029823 1
0.030021 1
0.030336 1
1.095751 1
0.575582 4
0.467072 1
1.933154 2
1.743547 4
1.248856 1
1.406597 2
0.498442 23
4.365272 1
0.188285 1
0.502796 2
0.913946 1
0.204870 4
3.047846 1
0.248733 1
0.545658 1
0.186133 1
1.900394 4
0.194781 4
0.852542 18
1.850999 1
0.151269 4
3.216318 1
0.261154 3
3.814434 1
0.500306 1
0.029672 1
0.030605 1
0.030040 1
0.032216 1
0.027983 1
0.029973 1
0.030324 1
0.029788 1
0.030915 1
0.029384 1
0.028873 1
0.030176 1
0.031618 1
0.030302 1
0.027847 1
0.031674 1
0.028631 1
0.030380 1
0.031555 1
0.029293 1
0.029370 1
0.029177 1
0.030353 1
0.030944 1
0.033178 1
0.026389 1
0.030636 1
0.028877 1
0.032077 1
0.027931 1
0.031408 1
0.028733 1
0.030063 1
0.030862 1
0.029376 1
0.029520 1
0.030209 1
0.030060 1
0.031056 1
0.029363 1
0.028826 1
0.030284 1
0.030129 1
0.030293 1
0.031125 1
0.029792 1
0.029319 1
0.030693 1
0.035559 1
0.025001 1
0.028646 1
0.030129 1
0.030299 1
0.030491 1
0.029629 1
0.030864 1
0.029939 1
0.030470 1
0.031372 1
0.027370 1
0.463368 5
0.115890 5
0.363994 5
0.174236 217
2.278582 1
0.384163 1
0.245654 1
0.348194 1
0.589784 8
1.886967 1
0.215236 1
0.297606 1
0.091682 1
0.514215 1
0.468491 1
0.145008 1
0.085288 1
0.727339 11
0.003067 540
0.000016 179
0.000006 1
0.000190 764
0.000873 72
0.000800 130
0.000559 2
0.000047 68
0.001006 206
111.415072 34
0.970598 61
0.001316 95
0.000360 206
70.774770 41
5.355592 67
0.501305 4
0.030442 4
0.028054 4
0.030157 4
0.029586 4
0.030975 4
0.030319 4
0.029642 4
0.031275 4
0.030338 4
0.028174 4
0.029920 4
0.030046 4
0.029965 4
0.030346 4
0.030825 4
0.029948 4
0.029974 4
0.030472 4
0.027604 4
0.031477 4
0.029070 4
0.030196 4
0.030517 4
0.028831 4
0.030401 4
0.030323 4
0.030268 4
0.031193 4
0.029555 4
0.029324 4
0.029487 1
0.029898 1
0.031378 1
0.030307 1
0.028735 1
0.028655 1
0.031549 1
0.030005 1
0.030510 1
0.030234 1
0.029056 1
0.029987 1
13.686517 1
0.314065 1
0.149541 1
0.658422 1
0.474782 1
0.119293 1
0.526779 1
0.906285 1
0.115528 1
0.186155 1
0.197604 1
0.562399 1
0.379758 5
0.679133 4
0.204200 4
0.195885 4
0.149902 4
0.161922 4
0.172742 4
0.715945 1
0.186739 5
1.372940 11
0.002052 5
0.000024 10
0.000015 3
0.000028 12
0.000017 2
0.000014 5
0.000017 10
0.000013 3
0.000017 77
0.000012 2
0.000400 8
0.000034 198
305.520670 17
1.258983 11
0.002418 27
0.000024 2
0.000437 8
0.000037 198
726.303948 1
0.214249 1
0.221667 1
0.412482 1
0.190707 1
0.161719 1
0.246379 1
0.433906 1
0.314319 1
0.188892 1
1.683843 1
0.126584 1
0.267291 1
0.407985 1
0.378301 1
0.452659 1
0.097147 1
0.967710 11
0.002021 206
3.018597 1
0.324558 1
0.151327 1
0.374277 1
0.278009 1
0.131660 1
0.458722 1
0.789370 1
0.137461 1
0.199186 1
0.176666 1
0.478047 1
1.154161 1
0.296446 1
0.262461 1
0.352007 1
2.110944 11
0.002990 30
0.000019 2
0.000977 206
5.614945 1
0.407625 1
0.201240 1
3.463351 1
0.915762 1
0.203983 1
0.141020 1
0.586450 5
1.056892 1
0.150323 5
1.060563 11
0.001086 2393
0.000397 206
46.414347 1
0.267680 1
0.189121 1
1.038287 1
0.651166 1
0.118359 1
0.227081 1
1.472873 1
0.266827 7
1.214720 1
0.368743 4
1.277868 1
0.211089 1
0.000081 6
6.396616 1
0.395227 5
0.839653 11
0.002202 260
0.000810 206
4.555140 1
0.166647 1
0.150744 1
0.161837 1
0.772958 1
0.203448 1
0.263737 6
0.769627 1
0.262200 5
0.716039 11
0.001291 74
0.000292 206
117.876006 17
