0.013099 206
2.740127 202
0.019097 202
0.017391 202
0.010158 202
0.016093 202
0.016866 202
0.011935 202
0.016269 202
0.017201 202
0.010476 202
0.012878 202
0.019400 202
0.028002 202
0.786454 202
1.481184 8
0.393234 143
0.722278 453
0.579216 140
0.532068 279
2.141098 623
3.158450 11
0.004879 206
17.923158 47
0.606048 58
0.487705 143
0.650644 453
0.439387 140
0.449285 279
7.121871 11
0.010059 84
0.000279 206
4.224639 202
0.161487 202
152.061427 72
4.129829 1
0.435063 1
0.286627 1
6.126054 1
0.303701 1
0.165249 1
0.522152 1
0.678502 1
0.146109 1
0.108497 1
0.410550 1
0.185687 1
0.157440 1
0.238167 1
0.196471 1
0.156242 1
0.347278 1
0.544128 1
0.116322 1
0.091798 1
1.221779 1
0.226510 1
0.139474 1
0.672629 1
0.237038 1
0.347360 4
0.177713 1
1.852927 11
0.006948 23
0.000039 2
0.000297 206
194.176982 97
1.397835 4
0.210861 4
1.191898 1
1.022626 1
0.888397 126
4.679802 253
13.737393 378
0.501217 1
0.029754 1
0.034860 1
0.025463 1
0.029634 1
0.029502 1
0.030995 1
0.035861 1
0.023983 1
0.029959 1
0.028494 1
0.033296 1
0.042443 1
0.022182 1
0.022742 1
0.030096 1
0.029408 1
0.031742 1
0.029578 1
0.029018 1
0.029398 1
0.040803 1
0.020404 1
0.039622 1
0.020421 1
0.029002 1
0.029076 1
0.031403 1
0.030878 1
0.029387 1
0.028379 1
0.262820 1
0.231299 1
1.004174 332
0.098127 332
2.924003 47
0.009484 3
0.000170 41
0.000618 3
0.000635 8
0.000122 198
2.887295 214
0.695563 1
0.499853 1
0.029649 378
0.031877 1
0.027797 1
0.031688 1
0.029283 1
0.030532 1
0.029430 1
0.030827 1
0.028853 1
0.030041 1
0.030671 1
0.030922 1
0.027031 1
0.031394 1
0.030131 1
0.030449 1
0.030726 1
0.030909 1
0.028294 1
0.029780 1
0.029793 1
0.031115 1
0.029136 1
0.029463 1
0.029756 1
0.228395 1
0.208864 1
0.199926 1
0.165577 1
0.201138 1
0.202814 1
0.267588 1
0.691100 335
0.206388 337
1.297400 45
0.009038 1
0.000084 2
0.000159 39
0.000839 3
0.000634 8
0.000043 198
82.145855 214
2.861333 378
7.060857 1
3.131195 385
0.500327 9
0.030083 9
0.030416 7
0.035631 9
0.022552 9
0.030666 7
0.030538 9
0.035743 9
0.033030 7
0.021338 9
0.030401 7
0.035955 9
0.022923 9
0.030314 9
0.031051 9
0.029502 9
0.035421 9
0.032719 9
0.028936 9
0.026912 9
0.026464 7
0.031436 9
0.029702 9
0.028013 9
0.031020 9
0.029042 9
0.031388 9
0.030581 9
0.028292 9
0.029888 9
0.030167 9
0.028764 9
0.031148 7
1.360858 9
0.276612 9
0.212580 7
0.190984 9
0.194829 9
0.187641 9
0.198258 9
0.249408 7
0.199759 9
1.753028 7
0.104339 5
0.313383 5
0.881440 1
0.500625 1
0.030767 1
0.030892 1
0.029600 1
0.029481 1
0.028478 1
0.031924 1
0.029125 1
0.030640 1
0.029706 1
0.036473 1
0.033130 1
0.021136 1
0.199181 1
2.521914 5
0.132598 6
0.123067 5
0.707047 6
0.155031 6
0.064726 6
0.258855 6
0.130579 6
0.167545 6
0.165211 6
0.106876 6
2.832627 19
0.000051 2
6.311911 1
0.347325 11
0.002285 109
0.000251 206
2.279642 177
0.594173 1
0.181167 1
1.037454 3
0.378514 3
4.146434 4
1.810049 4
0.432893 4
0.718647 1
1.772274 1
0.292791 5
1.344980 64
0.006823 15
0.000014 2
0.000490 8
0.000027 198
172.976379 30
1.429697 53
0.002270 592
0.000213 206
113.464857 1
0.085308 1
0.191476 1
0.176525 1
0.163099 1
0.116995 1
1.145434 28
1.014593 49
0.001017 206
211.068149 59
4.503905 111
0.003398 185
0.000180 206
82.339508 50
2.036417 1
0.501329 1
0.034474 1
0.024013 1
0.038607 1
0.021784 1
0.030467 1
0.030137 1
0.033640 1
0.028420 1
0.028588 1
0.029798 1
0.548451 1
3.485194 5
0.500697 5
0.032121 5
0.037326 5
0.029013 5
0.020997 5
0.030070 5
0.031006 5
0.030843 5
0.032765 5
0.511813 5
1.801233 6
0.152950 6
0.229774 6
0.249927 6
0.791631 5
0.168689 5
0.153747 5
0.150448 5
0.254027 5
2.743040 5
0.191345 5
0.658499 5
0.156918 5
0.368612 9
0.377508 5
0.105958 5
0.210376 5
0.203864 5
0.619147 9
0.357718 5
0.419419 5
0.651101 9
0.423265 5
0.176075 5
0.710565 3
0.188404 3
1.133245 3
0.663465 4
0.256907 4
0.150670 4
0.150765 4
0.128658 4
0.158763 4
0.146944 10
0.151974 8
0.324974 7
0.509850 3
0.852597 1
0.094926 1
0.193871 1
0.192417 1
0.249923 1
0.244375 1
0.699409 1
0.103981 1
0.597059 1
0.712973 1
0.063084 1
4.704631 11
0.001574 184
0.000371 206
251.103400 50
2.398760 1
0.484643 1
5.219957 367
4.523784 479
0.500399 1
0.030856 1
0.028435 1
0.032183 1
0.027942 1
0.030294 1
0.029483 1
0.033753 1
0.030555 1
0.034280 1
0.021537 1
0.030359 1
0.036609 1
0.024775 1
0.029202 1
0.029909 1
0.032631 1
0.033817 1
0.025015 1
0.027877 1
0.030287 1
0.029822 1
0.030641 1
0.030333 1
0.030755 1
0.029125 1
0.028671 1
0.031279 1
0.031517 1
0.028939 1
0.029972 1
0.029050 1
0.030491 1
0.031485 1
0.028030 1
0.029558 1
0.031207 1
0.029167 1
0.032174 1
0.031075 1
0.026371 1
0.031662 1
0.029227 1
0.030574 1
0.029355 1
0.029385 1
0.031570 1
0.034057 1
0.029798 1
0.031097 1
0.025534 1
0.041598 1
0.018240 1
0.028137 1
0.030356 1
0.031055 1
0.029787 1
0.030041 1
0.034280 1
0.027604 1
0.026468 1
0.031287 1
0.028779 1
0.031417 1
0.030888 1
0.028722 1
0.029070 1
0.029679 1
0.033180 1
0.027378 1
0.029140 1
0.031659 1
0.029224 1
0.031412 1
0.028711 378
0.030483 1
0.029035 1
0.029614 1
0.033021 1
0.030114 1
0.028007 1
0.030034 1
0.029923 1
0.031379 1
0.028729 1
0.030747 1
0.029291 1
0.030346 1
0.031254 1
0.028550 1
0.030376 1
0.029653 1
0.033217 1
0.027217 1
0.029320 1
0.030846 1
0.029661 1
0.030419 1
0.028850 1
0.029819 1
0.032256 1
0.030481 1
0.028761 1
0.031713 1
0.028095 1
0.029605 1
0.029597 1
0.030073 1
0.029939 1
0.039966 1
0.020564 1
0.029203 1
0.031101 1
0.029715 1
0.030274 1
0.030046 1
0.029211 1
0.029677 1
0.032221 1
0.046194 1
0.010939 1
0.031677 1
0.028797 1
0.030312 1
0.031074 1
0.029755 1
0.029936 1
0.028959 1
0.030046 1
0.031725 1
0.028482 1
0.030252 1
0.029511 1
0.031309 1
0.030627 1
0.028729 1
0.028554 1
0.030876 1
0.031885 1
0.028146 1
0.030659 1
0.030235 1
0.028966 1
0.031125 1
0.028963 1
0.030257 1
0.029421 1
0.030019 1
0.031453 1
0.028985 1
0.030578 1
0.029838 1
0.028675 1
0.033878 1
0.027795 1
0.033390 1
0.025859 1
0.036434 1
0.024744 1
0.028465 1
0.030629 1
0.030085 1
0.029038 1
0.031504 1
0.029787 1
0.029377 1
0.030672 1
0.029383 1
0.030375 1
0.029404 1
0.030316 1
0.030805 1
0.028752 1
0.031599 1
0.028499 1
0.033858 1
0.027493 1
0.029005 1
0.030732 1
0.028813 1
0.030842 1
0.043337 1
0.015868 1
0.032771 1
0.026987 1
0.030465 1
0.030797 1
0.028203 1
0.032599 1
0.028429 1
0.030133 1
0.029743 1
0.030323 1
0.033939 1
0.027209 1
0.029929 1
0.029178 1
0.030048 1
0.030389 1
0.029281 1
0.029421 378
0.031188 1
0.032201 1
0.030520 1
0.033245 1
0.023355 1
0.031208 1
0.029431 1
0.028662 1
0.444709 3
0.166087 3
0.193629 3
0.169354 3
0.178763 3
0.207314 3
0.184394 3
0.157766 3
0.490806 223
1.581480 3
0.500832 3
0.029152 3
0.030922 3
0.037174 3
0.022855 3
0.029375 3
0.030127 3
0.030342 3
0.030503 3
0.028618 3
0.031154 3
0.029324 3
0.031548 3
0.029955 3
33.920603 3
1.163488 3
0.499931 3
0.031262 3
0.028295 3
0.030047 3
0.030411 3
0.031230 3
0.029605 3
0.029938 3
0.030438 3
0.028959 3
0.032447 3
0.028715 3
0.029092 3
0.029736 3
0.029984 3
0.030763 3
0.030593 3
0.028211 3
0.030996 3
0.030517 3
0.029663 3
0.030841 3
0.029824 3
0.029435 3
0.029765 3
0.030425 3
0.031807 3
0.030031 3
0.027856 3
0.042764 3
0.017234 3
0.033055 3
0.035044 3
0.021499 3
0.047705 3
0.011406 3
0.032962 3
0.027930 3
0.030411 3
0.029277 3
0.031124 3
0.030181 3
0.029054 3
0.029895 3
0.029735 3
0.030416 3
0.032337 3
0.027209 3
0.030749 3
0.029826 3
0.029682 3
0.030006 3
0.030918 3
0.028728 3
0.030153 3
0.032114 3
0.033542 3
0.024014 3
0.040812 3
0.020317 3
0.030111 3
0.028610 3
0.038641 3
0.022401 3
0.031099 3
0.029311 3
0.031069 3
0.033646 3
0.027274 3
0.028164 3
0.029699 3
0.032288 3
0.026267 3
0.041963 3
0.019218 3
0.030211 3
0.031498 3
0.028768 3
0.028963 3
0.029428 3
0.031013 3
0.032705 3
0.027511 3
0.029987 3
0.029801 3
0.029609 3
0.031578 3
0.031750 3
0.026174 3
0.033410 3
0.044149 3
0.015695 3
0.026737 3
0.031054 3
0.031485 3
0.028543 3
0.033820 3
0.025533 3
0.041822 3
0.019442 3
0.029421 3
0.037934 3
0.025312 3
0.026981 3
0.030265 3
0.028259 3
0.033478 3
0.027781 3
0.030973 3
0.028765 3
0.030068 3
0.033283 3
0.025434 3
0.031334 3
0.030182 3
0.029392 3
0.030593 3
0.029844 3
0.035731 3
0.024371 3
0.030294 3
0.222434 3
0.500671 3
0.031978 3
0.027509 3
0.032272 3
0.028343 3
0.029946 3
0.030577 3
0.029171 3
0.030144 3
0.029585 3
0.030744 3
0.030586 3
0.029544 3
0.030507 3
0.031169 3
0.027652 3
0.030604 3
0.034595 3
0.031285 3
0.025232 3
0.028451 3
0.030249 3
0.029432 3
0.031644 3
0.029344 3
0.028780 3
0.030678 3
0.030660 3
0.028713 3
0.030954 3
0.029125 3
0.029680 3
0.031194 3
0.029192 3
0.029798 3
0.030605 3
0.030416 3
0.029932 3
0.032031 3
0.030521 3
0.212553 3
3.367243 3
0.452806 9
0.415166 5
0.307288 9
1.917213 87
2.579693 117
0.500502 1
0.032389 1
1.871908 1
0.500726 1
0.029326 1
0.030099 1
0.030283 1
0.030399 1
0.030295 1
0.030068 1
0.031228 1
0.028320 1
0.030032 1
0.030694 1
0.028311 1
0.032583 1
0.030655 1
0.027674 1
0.030269 1
0.030398 1
0.030126 1
0.029366 1
0.035540 1
0.025041 1
0.029673 1
0.030714 1
0.029605 1
0.029959 1
0.029399 1
0.030343 1
0.031577 1
0.035532 1
0.022958 1
0.030956 1
0.237217 1
0.485147 3
2.622003 3
0.284112 5
0.250507 5
0.798922 6
0.261062 10
1.032601 3
0.296652 3
0.391922 3
0.501611 3
0.035077 3
0.026558 3
0.027229 3
0.030567 3
0.029140 3
0.293515 3
1.246945 3
0.500207 3
0.030177 3
0.029234 3
0.032719 3
0.028456 3
0.030247 3
0.029480 3
0.034070 3
0.027808 3
0.027697 3
0.030255 3
0.030027 3
1.045721 1
1.301174 5
0.500291 5
0.031043 5
0.034166 5
0.029416 5
0.027230 5
0.030256 5
0.028521 5
0.035705 5
0.033823 5
0.027204 5
0.025048 5
0.034518 5
0.023542 5
0.029631 5
0.030182 5
0.031233 5
0.031282 5
0.030714 5
0.535028 5
2.167346 6
0.583645 6
1.171518 6
0.187524 6
0.195986 6
0.126362 6
0.135482 6
0.130991 6
0.187265 6
0.090926 6
0.195378 6
0.159235 9
0.694465 6
0.122760 6
0.122722 6
0.240293 6
1.714638 3
0.499688 3
0.031388 3
0.028895 3
0.029836 3
0.032343 3
0.028579 3
0.030307 3
0.030042 3
0.028421 3
0.032834 3
0.246228 3
1.323164 9
0.374665 5
1.152557 5
1.397442 5
1.105756 5
1.369280 5
7.288370 3
1.244100 1
0.665733 3
1.756073 154
1.184779 326
0.509073 1
0.275083 1
0.181652 1
0.500974 1
0.030437 1
0.035680 1
0.026381 1
0.027339 1
0.030684 1
0.029610 1
0.032487 1
0.031249 1
0.027196 378
0.028437 1
0.029452 1
0.031535 1
0.030704 1
0.033526 1
0.025705 1
5.382053 1
0.288951 1
0.199060 1
0.177275 1
0.193734 1
0.200685 1
0.201907 1
0.191529 1
0.240999 1
0.349015 1
2.017418 361
0.216169 309
0.749965 364
0.729857 307
3.085203 3
0.632592 3
1.033133 367
0.500909 313
0.035256 367
0.025199 367
0.029020 367
0.030769 367
0.031116 367
0.033524 367
0.025485 367
0.291879 366
0.216684 365
0.176029 365
0.189434 326
0.239401 327
0.311272 328
0.332626 329
0.881545 327
0.279626 327
0.181644 327
0.162158 327
0.181796 371
0.100218 373
0.266422 327
0.151459 378
0.738543 378
0.222439 379
0.259250 380
0.110640 381
0.197605 382
0.139776 383
0.148589 10
0.151646 6
0.191349 6
0.072246 6
0.248100 6
14.098179 3
0.501166 3
0.030338 3
0.033127 3
0.027604 3
0.028740 3
0.030607 3
0.030463 3
0.036091 3
0.025904 3
0.028692 3
0.026999 3
0.223271 3
0.681092 1
0.358136 5
2.437307 96
3.182683 3
1.596941 1
0.335438 5
0.500023 5
0.031554 5
0.031849 5
0.036813 5
0.029163 5
0.022543 5
0.032896 5
0.027219 5
0.028236 5
0.032812 5
0.027941 5
0.029847 5
0.031154 5
0.034380 5
0.025600 5
0.028430 5
0.031477 5
0.033181 5
0.025950 5
0.028948 5
0.030183 5
0.031414 5
0.031425 5
0.027626 5
0.030431 5
0.028783 5
0.035292 5
0.024798 5
0.029799 5
0.030633 5
0.029872 5
0.031576 5
0.029291 5
0.029712 5
0.028345 5
0.030781 5
0.035945 5
0.034373 5
0.028717 5
0.022790 5
0.029058 5
0.030987 5
0.028413 5
0.029826 5
0.029494 5
0.031472 5
0.036526 5
0.023396 5
0.028628 5
0.031876 5
0.029532 6
0.268630 5
0.904041 5
9.494020 89
3.278743 132
0.687208 1
0.500413 1
0.031859 1
0.027379 1
0.031558 1
0.029943 1
0.028952 1
0.030671 1
0.030673 1
0.029384 1
0.029937 1
0.029819 1
0.032421 1
0.031784 1
0.026308 1
0.028974 1
0.030156 1
0.030926 1
0.030435 1
0.033451 1
0.027024 1
0.016727 1
4.633913 1
0.490499 1
0.202294 1
1.338931 5
0.189137 5
0.156560 5
0.166261 5
0.139270 5
0.118286 5
0.193231 5
0.259403 5
0.830913 6
0.246519 6
0.120956 6
0.238302 6
0.123775 6
0.179007 6
0.326375 6
0.815219 1
0.500501 1
0.031111 1
0.028245 1
0.031538 1
0.030925 1
0.028293 1
0.034257 1
0.027335 1
0.028314 1
1.084432 5
0.453571 6
1.229813 3
0.501704 3
0.029881 3
0.029627 3
0.029002 3
0.030421 3
0.029715 3
0.031507 3
0.028612 3
0.030138 3
0.031488 3
0.028280 3
0.031397 3
0.028311 3
0.030789 3
0.030254 3
0.029571 3
0.030621 3
0.028808 3
0.030965 3
0.031147 3
0.028083 3
0.031324 3
0.030168 3
0.028528 3
0.031156 3
0.029004 3
0.032882 3
0.030630 3
0.027524 3
0.029463 3
0.030095 3
0.030668 3
0.034798 3
0.024366 3
0.030207 3
0.631659 1
1.163318 425
2.375338 121
0.468333 1
0.500406 1
0.030733 1
0.028900 1
0.029927 1
0.031400 1
0.030109 1
0.027924 1
3.719878 1
0.501048 1
0.028113 1
0.032256 1
0.031755 1
0.030108 1
0.027110 1
0.030500 1
0.028399 1
0.037192 1
0.025551 1
0.028178 1
0.030612 1
0.195132 1
0.269395 1
0.836735 318
0.179148 257
0.168182 5
0.164594 5
0.179048 5
0.183556 5
0.182567 5
0.254724 5
0.696824 6
0.391794 6
0.273017 6
0.133187 6
1.177488 6
0.097584 6
0.250018 312
0.969166 1
0.500906 1
0.029967 1
0.031786 1
0.028605 1
0.030657 1
0.169733 1
0.179569 1
0.169953 1
0.160610 1
0.640844 227
0.349538 301
0.582588 3
0.499754 3
0.031865 3
0.030648 3
0.028103 3
0.030431 3
0.030208 3
0.030860 3
0.029667 3
0.028120 3
0.031471 3
0.029265 3
0.030936 3
0.030058 3
0.029924 3
0.029894 3
0.028481 3
0.031182 3
0.032510 3
0.029506 3
0.028393 3
0.029625 3
0.243425 3
0.220385 3
0.196385 3
0.501127 3
0.028803 3
0.031195 3
0.031010 3
0.032841 3
0.026957 3
0.029269 3
0.029777 3
0.029526 3
0.672563 3
0.415068 1
0.256913 342
0.582631 1
0.420818 3
2.497236 142
2.367505 322
0.355704 1
0.502323 1
0.028569 1
0.033859 1
0.027980 1
0.028502 1
0.029274 1
0.030738 1
0.030537 1
0.036915 1
0.022175 1
0.030420 1
0.029306 1
0.031344 1
0.029785 1
0.028794 1
0.030498 1
0.029713 1
0.030732 1
0.033606 1
0.027463 1
0.035380 1
0.022554 1
0.042853 1
0.016778 1
0.031270 378
0.029632 1
0.029978 1
0.029907 1
0.033468 1
0.027280 1
0.028795 1
0.032084 1
0.587252 1
0.745372 374
0.322024 375
1.323370 3
0.156373 3
0.202881 3
0.766813 378
0.191204 377
0.150621 310
0.167891 377
0.155971 377
0.166986 377
0.261366 377
0.328181 377
0.785447 379
0.314663 380
0.225724 381
0.157750 382
0.251970 383
0.181670 10
0.512596 6
0.910273 3
0.500935 3
0.029474 3
0.030676 3
0.032416 3
0.027086 3
0.030758 3
0.029310 3
0.030500 3
0.030146 3
0.029325 3
0.033283 3
0.027038 3
0.030436 3
0.029504 3
0.030043 3
0.175155 3
0.200844 3
0.148245 3
0.128411 3
0.172685 3
0.247628 3
0.160869 3
0.149203 3
0.453082 5
1.055681 89
2.197652 155
0.312779 1
0.502260 1
0.027321 1
0.030810 1
0.029868 1
0.037806 1
0.023159 1
0.028586 1
0.031449 1
0.029970 1
0.029464 1
0.030107 1
0.029826 1
0.039888 1
0.020640 1
0.029838 1
0.028987 1
0.031664 1
0.029669 1
0.029799 1
0.030453 1
0.029382 1
0.030698 1
0.789656 5
0.154957 5
0.145416 5
0.149881 5
0.150722 5
0.138740 5
0.158384 5
0.422111 5
0.439268 6
0.223348 6
0.179137 6
0.109594 6
0.221798 6
0.194105 6
0.328388 6
0.651447 1
0.157971 1
0.144763 1
0.171015 1
0.165877 1
0.199679 1
0.142505 1
0.170701 1
0.171162 1
0.162206 1
0.597207 5
0.387443 6
0.699957 3
0.500333 3
0.030407 3
0.032332 3
0.032307 3
0.025634 3
0.028689 3
0.030467 3
0.030340 3
0.029469 3
0.031019 3
0.030809 3
0.029258 3
0.029694 3
0.031293 3
0.028791 3
0.029637 3
0.030394 3
0.030216 3
0.029836 3
0.030338 3
0.029407 3
0.029714 3
0.030942 3
0.031347 3
0.029244 3
0.029989 3
0.029660 3
0.031166 3
0.027456 3
0.031396 3
0.028908 3
0.310972 3
0.184881 3
0.566352 5
2.454572 425
1.035347 121
0.384411 1
0.505777 1
0.025564 1
0.029448 1
0.033407 1
0.026309 1
0.030653 1
0.029739 1
0.030188 1
0.029212 1
0.031011 1
0.031729 1
0.028029 1
0.029358 1
0.030190 1
0.030299 1
0.029071 1
0.030923 1
0.029284 1
0.030606 1
0.033609 1
0.025579 1
0.029877 1
0.030266 1
0.218892 1
0.343400 3
0.217421 3
0.567565 317
0.170178 317
0.172463 317
0.140967 317
0.166469 317
0.160919 317
0.162841 317
0.342666 317
0.725936 314
0.324390 314
0.151182 314
0.175039 314
0.157426 314
0.182244 314
0.105155 314
0.279110 314
0.618549 1
0.500079 1
0.031023 1
0.030182 1
0.033197 1
0.026243 1
0.030488 1
0.032239 1
0.032364 1
0.031246 1
0.023156 1
0.728568 305
0.398655 302
0.667920 3
0.500500 3
0.030608 3
0.034113 3
0.025449 3
0.035376 3
0.024706 3
0.031818 3
0.030972 3
0.028933 3
0.027818 3
0.030770 3
0.030053 3
0.029775 3
0.028947 3
0.029689 3
0.031632 3
0.029950 3
0.028540 3
0.039498 3
0.021676 3
0.029341 3
0.031174 3
0.029155 3
0.031714 3
0.028173 3
0.030860 3
0.030355 3
0.035820 3
0.023951 3
0.033293 3
0.027948 3
0.029003 3
0.029790 3
0.028457 3
0.410855 3
0.460313 1
0.200314 342
1.079987 142
1.061352 322
0.932804 3
0.413512 5
0.433228 1
0.705702 1
0.499912 1
0.030191 1
0.033818 1
0.028642 1
0.028184 1
0.029514 1
0.031366 1
0.030029 1
0.033063 1
0.807725 1
0.331626 1
0.501429 1
0.035313 1
0.023508 1
0.031180 1
0.030842 1
0.028720 1
0.032853 1
0.026644 1
0.036107 1
0.023882 1
0.030245 1
0.030624 1
0.029450 1
0.667076 3
0.587550 5
0.285264 5
0.166111 5
0.146309 5
0.151651 5
0.167137 5
0.165712 5
0.252665 5
2.585401 6
0.248867 6
0.133929 6
0.155407 6
0.138938 6
0.193994 6
0.500867 6
0.295447 1
0.164003 1
0.168002 1
0.160916 1
0.189691 1
0.165903 1
0.173411 1
0.154822 1
0.185992 1
0.202828 1
0.589838 5
0.484596 6
12.424711 3
0.500344 3
0.030516 3
0.029020 3
0.032121 3
0.031333 3
0.027529 3
0.030736 3
0.029433 3
0.029548 3
0.030329 3
0.029198 3
0.030038 3
0.031322 3
0.030497 3
0.030675 3
0.027797 3
0.029410 3
0.031150 3
0.032180 3
0.029253 3
0.028939 3
0.030267 3
0.030220 3
0.028867 3
0.033543 3
0.025808 3
0.030292 3
0.029934 3
0.030105 3
0.032979 3
0.027634 3
0.031895 3
0.031138 3
0.027169 3
0.033891 3
0.025709 3
0.475658 1
0.060519 1
0.207392 1
0.466656 3
0.997880 89
0.706201 185
0.234349 1
0.267187 1
0.500676 1
0.030828 1
0.028780 1
0.032775 1
0.027831 1
0.217903 1
0.501714 1
0.027295 1
0.030709 1
0.031119 1
0.028867 1
0.031989 1
0.287116 1
0.501244 1
0.029943 1
0.031490 1
0.029529 1
0.029662 1
0.029552 1
0.029363 1
0.031507 1
0.027359 1
0.033120 1
0.028843 1
0.217192 1
0.196167 1
0.201338 1
0.188817 1
0.348220 3
0.296238 3
0.232587 3
0.191591 3
0.167000 3
0.372468 3
0.183613 3
0.665737 5
0.180658 5
0.145584 5
0.160248 5
0.141617 5
0.125560 5
0.304667 5
2.308712 5
0.731777 6
0.335454 6
0.135065 6
0.100695 6
0.182159 6
0.337747 6
0.648959 1
0.149789 1
0.172742 1
0.153772 1
0.173108 1
0.137701 1
0.184910 1
0.147627 1
0.182126 1
0.576078 5
0.667479 6
1.609893 2
0.000188 9
0.015695 8
0.000078 198
20.826048 2
0.402657 2
0.159730 2
0.936666 4
0.166250 4
0.162782 4
1.284691 1
0.161135 1
0.089053 1
0.270348 1
0.095176 1
0.607120 18
1.589809 11
0.002034 69
0.000019 2
0.000011 63
0.000010 2
0.000009 63
0.000032 2
0.000010 57
0.000009 2
0.000010 61
0.000010 2
0.000013 63
0.000010 2
0.000010 65
0.000012 2
0.000013 62
0.000012 2
0.000013 62
0.000012 2
0.000012 67
0.000012 2
0.000009 62
0.000013 2
0.000309 8
0.000032 198
146.198264 513
3.753075 508
0.501200 4
0.031057 4
0.028591 4
0.031676 4
2.370116 4
0.499957 4
0.031859 4
0.027414 4
0.030847 4
0.034592 4
0.025057 4
0.031223 4
0.029347 4
0.033089 4
0.028081 4
0.030871 4
0.029264 4
0.029816 4
0.028377 4
0.029842 4
0.029642 4
0.033214 4
0.027403 4
0.032855 4
0.027259 4
0.031085 4
0.030509 4
0.030460 4
0.028501 4
0.029111 4
0.029630 4
0.036510 4
0.024136 4
0.030420 4
0.029349 4
0.030159 4
0.032532 4
0.026494 4
0.030806 4
0.029801 4
0.033851 4
0.027135 4
0.029530 4
0.030238 4
0.029968 4
0.033279 4
0.027904 4
0.029728 4
0.029507 4
0.029256 4
0.030292 4
0.030755 4
0.032844 4
0.030602 4
0.026079 4
0.029581 4
0.032323 4
0.027464 4
0.031179 4
0.030853 4
0.028275 4
0.030484 4
0.030497 4
0.031011 4
0.028158 4
0.033892 4
0.028161 4
0.028443 4
0.028889 4
0.033495 4
0.033034 4
0.026174 4
0.027578 4
0.033014 4
0.026184 4
0.031055 4
0.030747 4
0.030093 4
0.029396 4
0.030523 4
0.032347 4
0.028812 4
0.028125 4
0.035510 4
0.023599 4
0.033844 4
0.039326 4
0.017625 4
0.029364 4
0.033153 4
0.027457 4
0.030582 4
0.029706 4
0.029038 4
0.031077 4
0.028491 4
0.030980 4
0.031389 4
0.027852 4
0.031281 4
0.030577 4
0.029295 4
0.030265 4
0.029217 4
0.030911 4
0.029449 4
0.032666 4
0.027652 6
0.030101 69
0.029380 4
0.030153 4
0.031235 4
0.029400 4
0.029089 4
0.031703 4
0.027031 4
0.032582 4
0.029686 4
0.028822 4
0.030849 4
0.029530 4
0.031665 4
0.028449 4
0.033289 4
0.026458 4
0.030403 4
0.030628 4
0.029777 4
0.028946 4
0.029955 4
0.030486 765
0.032285 4
0.027671 4
0.029199 4
0.030835 4
0.031641 4
0.027844 4
0.030149 4
0.029507 4
0.030610 4
0.029097 4
0.030571 4
0.030495 4
0.030553 4
0.029524 4
0.030598 4
0.031301 4
0.028390 4
0.028494 4
0.031571 4
0.029319 4
0.030817 4
0.029142 4
0.029430 4
0.031146 4
0.028629 4
0.032146 4
0.030164 4
0.032592 4
0.026919 4
0.030107 4
0.030814 4
0.029102 4
0.029999 4
0.030167 4
0.029297 4
0.029295 4
0.030598 4
0.031411 4
0.027197 4
0.032824 4
0.028898 4
0.029771 4
0.030471 4
0.028908 4
0.030601 4
0.030786 4
0.030761 4
0.027986 4
0.030822 4
0.030613 4
0.031612 4
0.028333 4
0.037661 4
0.024861 4
0.027451 4
0.030314 4
0.029516 4
0.030094 4
0.031676 4
0.026985 4
0.031092 4
0.028997 4
0.031035 4
0.029116 4
0.029873 4
0.031803 4
0.029585 4
0.028672 4
0.029652 4
0.030024 4
0.031243 4
0.029549 4
0.030644 4
0.028258 4
0.030275 4
0.031611 4
0.029168 4
0.029520 4
0.030589 4
0.029926 4
0.028213 4
0.031586 4
0.029649 4
0.030656 4
0.029220 4
0.030111 4
0.030767 4
0.028703 4
0.030612 4
0.029877 4
0.036663 4
0.023941 4
0.030599 4
0.028874 4
0.029705 4
0.030811 4
0.029806 4
0.031390 4
0.027515 4
0.031628 4
0.030906 4
0.028286 4
0.029331 4
0.031731 4
0.029288 4
0.029726 4
0.030979 4
0.028506 4
0.030397 4
0.030190 4
0.030017 4
0.031554 4
0.027733 4
0.029921 4
0.031122 4
0.028934 4
0.031468 4
0.030432 4
0.029880 4
0.028789 4
0.030409 4
0.029451 4
0.029259 4
0.030614 4
0.030550 4
0.031251 765
0.029227 4
0.030358 4
0.030998 4
0.028577 4
0.029284 4
0.029195 4
0.031148 4
0.030387 4
0.030254 4
0.030611 4
0.033066 4
0.033903 4
0.022080 4
0.029371 4
0.031540 4
0.029139 4
0.029881 4
0.030705 4
0.028574 4
0.031286 4
0.029198 4
0.030010 4
0.032678 4
0.028522 4
0.030617 4
0.028889 4
0.029384 4
0.029806 4
0.029223 4
0.031668 4
0.029755 4
0.032027 4
0.027476 4
0.029559 4
0.031677 4
0.028531 4
0.029547 4
0.030427 4
0.029579 4
0.031477 4
0.029143 4
0.029971 4
0.029644 4
0.032003 4
0.031531 4
0.027664 4
0.028950 4
0.033562 4
0.026723 4
0.036106 4
0.031449 4
0.031853 4
0.025200 1
0.025404 1
0.029501 1
0.030455 1
0.030105 1
0.029713 1
0.030714 1
0.030811 1
0.028993 1
0.029746 1
0.030904 1
0.029691 1
0.030984 1
0.028115 1
0.871431 513
1.099443 506
0.755527 1
0.501512 1
0.030177 1
0.030289 1
0.030115 1
0.029036 1
0.030417 1
0.029914 1
0.030736 1
0.029693 1
0.029899 1
0.029248 1
0.029339 1
0.033136 1
0.027909 1
0.029985 1
0.030131 1
0.029739 1
0.031003 1
0.030484 1
0.026723 1
0.030935 1
0.030544 1
0.028502 1
0.031170 1
0.031074 1
0.030776 1
0.028384 1
0.030334 1
0.029759 1
0.028881 1
0.030365 1
0.029711 1
0.031760 1
0.028753 1
0.030308 1
0.029445 1
0.030512 1
0.029456 1
0.030501 1
0.028574 1
0.031353 1
0.030844 1
0.030246 1
0.028091 1
0.030125 1
0.030099 1
0.029047 1
0.033343 1
0.029205 1
0.028538 1
0.031165 1
0.029730 1
0.029847 1
0.029016 1
0.030350 1
0.030384 1
0.030076 1
0.030638 1
0.029166 1
0.030364 1
0.029079 1
0.029925 1
0.031047 1
0.028665 1
0.030262 1
0.031282 1
0.028905 1
0.031245 1
0.029361 1
0.030520 1
0.030150 1
0.029249 1
0.030886 1
0.029695 1
0.029058 1
0.031942 1
0.028685 1
0.030628 1
0.029399 1
0.028994 1
0.034331 1
0.025862 1
0.030541 1
0.030674 1
0.032533 1
0.026155 1
0.030347 1
0.030790 1
0.030548 1
0.044639 1
0.014465 1
0.030089 1
0.029686 1
0.029871 1
0.031519 1
0.028570 1
0.030225 1
0.030800 1
0.032021 1
0.033996 1
0.028741 1
0.024215 1
0.315684 1
0.266670 1
0.295610 1
0.396773 1
0.523758 120
0.500708 234
0.035833 170
0.025215 169
0.029840 171
0.030624 65
0.029221 5
0.030338 5
0.034028 5
0.029305 5
0.026692 5
0.029273 5
0.029834 5
0.030283 5
0.031302 5
0.028685 5
0.029899 5
0.030952 5
0.029290 5
0.029974 5
0.030359 5
0.029806 5
0.030802 5
0.029491 759
0.033736 380
0.026084 378
0.029324 376
0.029621 374
0.036970 372
0.024564 370
0.030043 368
0.028691 366
0.031644 364
0.029313 362
0.029119 360
0.030312 358
0.031665 356
0.030902 354
0.027714 352
0.029554 350
0.029810 348
0.030317 346
0.033870 344
0.027968 342
0.029405 340
0.028102 338
0.029805 336
0.030004 334
0.030339 332
0.029503 330
0.031238 328
0.030075 326
0.030296 324
0.032732 322
0.026023 320
0.030193 318
0.029558 316
0.031443 314
0.032994 312
0.025165 310
0.030779 308
0.029813 306
0.032070 304
0.030181 302
0.030167 300
0.028012 298
0.030290 296
0.029149 294
0.030971 292
0.030632 290
0.031413 288
0.030963 286
0.028259 284
0.029038 282
0.031424 280
0.027771 278
0.030240 276
0.033655 274
0.035113 272
0.020695 270
0.044232 268
0.016598 266
0.030684 264
0.028946 262
0.030826 260
0.029303 258
0.031760 256
0.029900 254
0.029548 252
0.028049 250
0.030026 248
0.031485 246
0.033485 244
0.026194 242
0.032109 240
0.026547 238
0.034063 236
0.027735 234
0.030191 232
0.033914 230
0.025889 228
0.033637 226
0.028132 224
0.032325 222
0.028910 220
0.027172 218
0.032554 216
0.030764 214
0.027283 212
0.028664 210
0.031573 208
0.030180 206
0.028506 204
0.031261 202
0.028339 200
0.029166 170
0.029992 170
0.036635 170
0.024260 170
0.031725 170
0.027664 170
0.030474 170
0.030107 170
0.028459 170
0.030894 172
0.030792 170
0.029888 170
0.031998 170
0.029059 170
0.027853 169
0.034618 171
0.025936 65
0.032589 5
0.034221 5
0.023568 5
0.029846 5
0.033321 5
0.029077 5
0.028208 5
0.033768 5
0.025434 5
0.035939 5
0.029808 5
0.024509 5
0.029750 5
0.030496 5
0.029675 5
0.030871 5
0.028298 5
0.030115 742
0.030050 363
0.029875 361
0.030669 359
0.030454 357
0.029585 355
0.029714 353
0.029296 351
0.036744 349
0.026515 347
0.028377 345
0.031460 343
0.029729 341
0.029563 339
0.029062 337
0.029028 335
0.030136 333
0.033447 331
0.027793 329
0.030204 327
0.029541 325
0.031132 323
0.029921 321
0.028321 319
0.031570 317
0.029473 315
0.029455 313
0.034592 311
0.026254 309
0.029098 307
0.028963 305
0.030058 303
0.031541 301
0.031035 299
0.028983 297
0.029003 295
0.029775 293
0.029853 291
0.031325 289
0.034895 287
0.029399 285
0.025633 283
0.030890 281
0.029422 279
0.028819 277
0.029542 275
0.030424 273
0.036592 271
0.024423 269
0.029104 267
0.029861 265
0.029501 263
0.030904 261
0.030098 1
0.029308 1
0.031509 1
0.029025 1
0.029226 1
0.031048 1
0.029987 1
0.028902 1
0.030197 1
0.030841 1
0.029790 1
0.030212 1
0.029142 1
0.030618 1
0.031002 1
0.031094 1
0.027626 1
0.030561 1
0.029254 1
10.137796 14
0.000562 206
21.055674 88
2.659789 274
0.004685 206
3.288485 1
0.172539 1
0.337893 1
0.298700 1
0.591670 1
0.114130 12
1.155964 11
0.000981 84
0.000194 206
91.081802 84
1.121079 270
0.000546 206
2.577506 1
0.373079 1
0.737996 1
0.548484 1
0.418121 1
0.330154 7
1.307822 1
1.832204 5
1.674231 11
0.001245 84
0.000479 206
84.941791 43
2.737279 69
1.932618 11
0.001507 15
0.000273 206
107.251946 1
0.115029 1
0.219631 1
0.215290 1
0.498901 1
0.188945 1
0.896449 1
0.282099 1
0.226838 1
0.216976 1
0.378964 1
1.308679 4
0.261762 4
0.167513 4
0.784707 1
0.318600 1
0.158564 1
1.719818 1
0.750101 1
0.105177 1
0.643676 1
0.470685 1
0.141969 1
0.052846 1
7.263916 11
0.001465 206
82.066613 24
0.992897 41
0.000797 26
0.000307 8
0.000034 198
8.505299 27
1.449052 47
0.001158 17
0.000401 206
8.314837 27
1.126481 47
0.002422 17
0.000448 206
13.806825 27
0.785345 47
0.001186 17
0.000288 206
44.988031 27
0.986690 47
0.000703 18
0.000125 206
251.524902 17
