0.013049 190
3.282080 27
0.746115 47
0.002590 190
1.062271 1
0.196680 1
0.157276 1
0.225719 1
0.280771 1
0.283206 11
1.045495 227
109.060023 1
0.130306 1
0.427589 1
1.043744 1
0.579494 11
0.000171 90
3.785454 1
0.134862 1
0.205256 1
0.863495 114
17.415225 86
1.639380 157
0.588652 1
0.501766 1
0.034602 1
0.024444 1
0.032559 1
0.027527 1
0.028927 1
0.030539 1
0.030632 1
0.028754 1
0.029958 1
0.030229 1
0.030163 1
0.030571 1
0.210298 1
0.207062 1
0.262369 1
0.313244 1
0.431844 1
15.840123 45
0.636455 45
0.501063 45
0.031224 45
0.035793 45
0.022269 45
0.030298 45
0.031266 45
0.028414 45
0.035982 45
0.026483 45
0.028712 45
0.029834 45
0.029687 45
0.028712 45
0.031466 45
0.030413 45
0.029110 45
0.029870 45
0.029976 45
0.177013 45
0.191214 45
0.166754 45
0.166095 45
0.246959 45
1.124947 98
1.672805 128
3.724656 11
0.001186 173
0.000190 90
2.901294 81
1.163708 1
0.501001 1
0.029227 1
0.029093 1
0.037612 1
0.022027 1
0.031656 1
0.030952 1
0.028756 1
0.029659 1
0.030309 1
0.029349 1
0.030422 1
0.029035 1
0.031528 1
0.029344 1
0.029574 1
0.031482 1
0.032498 1
0.029361 1
0.031791 1
0.024896 1
0.048710 1
0.011673 1
0.050475 1
0.009789 1
0.029987 1
0.029885 1
0.030222 1
0.029604 1
0.030886 1
0.030202 1
0.028853 1
0.029423 1
0.030319 1
0.031402 1
0.030788 1
0.030938 1
0.027590 1
0.029745 1
0.032504 1
0.027886 1
0.034509 1
0.321351 1
1.182276 1
1.306403 1
0.288395 1
0.186030 1
0.184998 1
0.161664 1
0.150929 1
0.203879 1
2.994174 193
6.945251 11
0.002445 90
92.625630 1
0.169857 1
0.545042 1
0.912244 74
1.473729 164
0.000187 216
11.426384 63
1.824980 259
0.000285 61
0.000392 216
8.700944 1
0.191061 1
0.574350 1
0.266948 1
0.156334 1
0.769831 201
1.993021 45
1.082050 83
0.001603 182
0.000397 190
3.591756 186
0.031137 186
0.094993 186
0.023580 186
0.022730 186
0.022566 186
0.029850 186
12.535691 41
0.983760 244
0.001189 117
0.000401 190
8.805486 186
0.685706 186
0.725965 186
3.395056 186
0.646972 186
1.520169 186
91.419217 1
0.318518 1
1.086915 1
1.555501 1
20.575085 4
5.154668 1
0.821240 101
1.121936 1
0.155882 1
0.271063 1
0.168312 1
0.155397 1
0.232206 109
0.491182 1
0.140654 1
0.777517 1
0.175027 1
0.141816 1
0.240493 101
14.371206 55
1.008549 136
0.005844 294
0.000407 90
62.436471 5
0.484802 7
0.370257 33
0.638824 87
0.479075 67
2.140082 227
4888.201806 1
0.171322 1
0.125955 1
0.638834 1
0.173560 1
0.324698 1
0.216114 5
0.535298 11
0.001309 94
0.000474 216
11.192372 32
1.180587 57
0.001427 24
0.000481 216
12.655933 32
1.774051 57
0.001316 18
0.000440 216
61.256067 43
1.215478 79
7.912886 23
1.172761 2
8.727919 25
0.000042 25
3.710921 216
114.350746 47
1.040021 289
0.001580 197
0.000506 216
46.206253 43
0.971813 79
0.001505 28
0.000380 216
36.651989 39
1.633549 281
0.001609 72
0.000411 216
25.137545 72
0.484425 298
0.001071 36
0.000439 216
585.339878 73
0.565879 299
0.000775 246
0.000400 8
0.000035 208
25.846439 43
2.479764 79
0.000768 260
0.000236 216
41.086267 67
2.957355 263
0.000983 96
0.000378 216
558.513711 40
2.013123 11
0.002081 96
0.000403 216
44.908851 82
4.816579 278
0.002704 9
0.000612 216
51.918175 63
1.523404 268
0.001629 40
0.000528 216
10.857474 63
0.960838 258
0.334922 342
0.500527 1
0.030100 1
0.029814 1
0.031045 1
0.029466 1
0.029038 1
0.031156 1
0.029204 1
0.029743 1
0.031550 1
0.170656 1
0.147774 1
0.225761 1
0.184696 1
0.169989 1
1.207578 317
0.160303 302
0.164695 5
0.156172 5
0.146043 5
0.162646 5
0.194947 5
0.373363 5
1.196520 6
0.369506 6
0.108948 6
0.203940 6
0.228525 6
0.042247 6
6.074244 11
0.001868 216
11.053719 212
362.465964 56
3.412490 293
1.520328 14
0.002392 32
0.000852 216
5.552775 56
0.918582 285
0.501134 345
0.032226 1
0.026760 1
0.029630 1
0.029472 1
0.030716 1
0.030227 1
0.030146 1
0.029411 1
0.030682 1
0.029998 1
0.028019 1
0.031245 1
0.030428 1
0.029846 1
0.029745 1
0.030802 1
0.031085 1
0.028477 1
0.029826 1
0.030169 1
0.030562 1
0.029056 1
0.030445 1
0.029490 1
0.030111 1
0.030539 1
0.029953 1
0.031436 1
0.029488 1
0.031091 1
0.028306 1
1.746115 270
4.022572 14
0.002642 214
0.000573 216
117.526577 88
3.823734 284
0.001952 216
1.803523 1
0.136361 1
0.236508 1
0.182970 1
0.814798 1
0.522697 1
0.186680 1
0.480275 8
1.014669 11
0.001548 216
75.914474 87
1.447004 313
0.003029 216
1.387708 56
0.644979 520
0.756517 11
0.001239 41
0.000293 216
248.407470 69
1.072391 265
0.002083 152
0.000439 216
66.866824 1
1.284690 4
0.666082 17
