0.014785 216
73.312835 1
0.240822 1
0.099980 1
0.299644 1
0.762739 1
0.214792 1
0.153563 1
0.131327 1
0.118123 1
0.695472 11
0.000922 128
0.000256 216
4.421172 32
3.295041 560
1.331260 1
0.405124 1
33.004573 11
0.001680 187
0.000405 216
54.505430 32
0.745390 57
0.001605 59
0.000388 216
33.156477 29
0.975723 108
0.000271 8
0.000029 208
90.968221 32
1.368494 57
0.001508 57
0.000261 216
59.183305 29
2.226180 51
0.001205 147
0.000211 216
76.621158 28
1.102206 49
0.001532 164
0.000375 216
326.195280 39
0.950501 71
0.001080 62
0.000296 216
52.845559 17
