0.014395 204
5.322052 25
1.762492 11
0.000944 204
1.222798 25
0.436083 1
0.188958 1
0.163389 1
0.177891 1
0.181131 1
0.297266 1
1.401557 13
6.948126 1
0.500302 1
0.028913 1
0.031604 1
0.033080 1
0.026488 1
0.029187 1
0.030110 1
0.030605 1
0.036096 1
0.351806 1
0.614842 5
0.177280 5
0.156259 5
0.149642 5
0.764980 5
0.289708 5
0.172369 5
0.301920 5
1.037221 11
0.002193 204
68.179602 26
0.919106 250
0.001163 164
0.000240 204
11.761060 40
4.074460 73
0.001477 204
81.167223 38
1.414943 262
0.001072 164
0.000536 204
36.905940 1
0.188726 1
0.124832 1
0.226054 1
0.176749 1
0.213248 1
0.326716 5
0.910446 11
0.001030 68
0.000349 204
3.788717 40
4.876298 73
0.001445 204
2.549968 1
0.128606 1
0.167674 1
0.415505 1
0.392064 1
0.231779 1
1.249680 5
0.918452 11
0.000819 232
0.000273 204
57.339296 48
2.256195 275
0.001057 10
0.000265 58
0.000369 204
56.949251 1
0.110771 1
0.105468 1
0.635673 1
0.875954 1
0.163075 1
0.547989 1
0.205362 8
0.807385 11
0.000873 164
0.000408 204
634.416110 26
2.434924 45
7.228576 46
0.872441 2
8.268738 43
1.378213 204
17.488396 26
1.956109 1
0.502213 1
0.030023 1
0.028175 1
0.029346 1
0.030432 1
0.388399 3
0.228028 3
0.189330 3
0.168890 3
0.166599 3
0.409359 3
0.614872 4
1.095682 1
0.500652 1
0.028247 1
0.038293 1
0.023029 1
0.030263 1
0.030052 1
0.030733 1
0.032247 1
0.030458 1
0.027077 1
0.035492 1
0.022562 1
0.030912 1
0.030708 1
0.028914 1
0.030921 1
0.029130 1
0.660460 3
1.054827 5
0.501599 5
0.030581 5
0.032142 5
0.027713 5
0.028216 6
0.030452 1
0.031578 1
0.027653 1
0.030312 1
0.030369 1
0.029244 1
0.030623 1
0.029591 1
1.191948 11
0.003956 57
0.000358 204
10.305665 27
1.428032 251
0.001232 91
0.000469 204
92.483300 48
1.651114 81
7.016627 48
22.014050 65
17.590521 49
1.801345 2
0.951406 204
7.005553 28
1.275923 252
0.001573 57
0.000251 204
9.016160 26
1.047757 250
0.000943 164
0.000347 204
171.314571 30
2.451037 254
0.001084 32
0.000285 204
6.954090 28
0.839833 49
0.001045 32
0.000291 204
8.079090 54
0.736742 278
0.001002 32
0.000313 204
19.463824 92
0.920246 276
0.001481 204
6.488198 67
0.891517 251
0.001494 125
0.000299 204
8.232340 33
0.897760 59
0.000964 32
0.000259 204
279.163576 54
1.566947 247
0.002928 204
27.048638 40
1.319518 73
0.002811 4
0.000426 204
3.699017 200
0.040652 200
0.270378 200
1.421665 200
3.352083 200
0.088959 200
2.002990 200
1.055142 200
0.349441 200
0.469422 200
0.329194 200
0.199675 200
0.190392 200
0.209857 200
0.232247 200
0.135747 200
0.108112 200
0.110051 200
0.052309 200
0.198024 200
0.178612 200
0.311755 200
0.131604 200
0.070850 200
0.158849 200
0.091294 200
0.249629 200
0.031398 200
0.026799 200
0.051886 200
0.123439 200
0.077230 200
0.056963 200
0.037715 200
0.033644 200
0.029112 200
0.031406 200
0.048131 200
0.038286 200
0.061850 200
0.197404 200
0.085562 200
0.101779 200
0.452306 200
0.484006 200
0.438556 200
15.022977 34
0.749224 61
0.005865 164
0.000363 8
0.000053 196
132.962876 17
